SeLEV6574_g00010	tr|A0A0L0HMB8|A0A0L0HMB8_SPIPN	57.80	481	162	2	2448	1006	74	513	0.0	573
SeLEV6574_g00010	tr|A0A0L0HMB8|A0A0L0HMB8_SPIPN	47.10	155	38	2	827	363	530	640	0.0	138
SeLEV6574_g00010	tr|A0A0L0HMB8|A0A0L0HMB8_SPIPN	80.00	40	8	0	159	40	645	684	0.0	73.9
SeLEV6574_g00010	tr|A0A0L0HMB8|A0A0L0HMB8_SPIPN	55.00	20	9	0	940	881	514	533	0.0	31.6
SeLEV6574_g00010	tr|A0A0L0HMB8|A0A0L0HMB8_SPIPN	84.62	13	2	0	310	272	632	644	0.0	25.8
SeLEV6574_g00011	tr|A0A0L0HPA1|A0A0L0HPA1_SPIPN	51.06	47	23	0	1355	1215	123	169	1e-21	52.0
SeLEV6574_g00011	tr|A0A0L0HPA1|A0A0L0HPA1_SPIPN	52.17	46	19	1	1823	1686	34	76	1e-21	45.1
SeLEV6574_g00011	tr|A0A0L0HPA1|A0A0L0HPA1_SPIPN	34.33	67	41	1	1119	919	181	244	1e-21	44.3
SeLEV6574_g00011	tr|A0A0L0HPA1|A0A0L0HPA1_SPIPN	37.29	59	12	3	1603	1433	86	121	1e-21	32.3
SeLEV6574_g00012	tr|A0A0L0HDH4|A0A0L0HDH4_SPIPN	32.43	370	188	9	4075	3020	33	358	3e-55	209
SeLEV6574_g00013	tr|A0A1Y1YLI3|A0A1Y1YLI3_9FUNG	50.42	119	53	2	528	172	282	394	9e-74	125
SeLEV6574_g00013	tr|A0A1Y1YLI3|A0A1Y1YLI3_9FUNG	36.25	160	61	4	1310	834	109	228	9e-74	90.1
SeLEV6574_g00013	tr|A0A1Y1YLI3|A0A1Y1YLI3_9FUNG	31.30	131	61	1	1791	1399	7	108	9e-74	79.3
SeLEV6574_g00013	tr|A0A1Y1YLI3|A0A1Y1YLI3_9FUNG	58.70	46	18	1	775	641	224	269	9e-74	55.1
SeLEV6574_g00014	tr|A0A0L0HN79|A0A0L0HN79_SPIPN	40.00	95	24	2	307	585	57	120	4e-15	70.1
SeLEV6574_g00014	tr|A0A0L0HN79|A0A0L0HN79_SPIPN	57.14	28	12	0	152	235	29	56	4e-15	38.9
SeLEV6574_g00015	tr|A0A0L0H8I4|A0A0L0H8I4_SPIPN	38.56	459	184	12	2648	4024	768	1128	4e-121	273
SeLEV6574_g00015	tr|A0A0L0H8I4|A0A0L0H8I4_SPIPN	47.58	227	84	4	1930	2589	571	769	4e-121	194
SeLEV6574_g00015	tr|A0A0L0H8I4|A0A0L0H8I4_SPIPN	39.23	543	242	9	121	1686	61	536	1e-93	342
SeLEV6574_g00016	tr|A0A0L0H754|A0A0L0H754_SPIPN	55.46	229	87	5	1343	693	118	343	2e-70	256
SeLEV6574_g00016	tr|A0A0L0H754|A0A0L0H754_SPIPN	29.00	100	25	1	1716	1417	68	121	2e-70	42.0
SeLEV6574_g00017	tr|A0A1Y2EGK1|A0A1Y2EGK1_9FUNG	69.64	56	17	0	883	716	1018	1073	2e-46	91.7
SeLEV6574_g00017	tr|A0A1Y2EGK1|A0A1Y2EGK1_9FUNG	59.52	42	17	0	654	529	1074	1115	2e-46	58.9
SeLEV6574_g00017	tr|A0A1Y2EGK1|A0A1Y2EGK1_9FUNG	75.86	29	7	0	494	408	1108	1136	2e-46	58.2
SeLEV6574_g00017	tr|A0A1Y2EGK1|A0A1Y2EGK1_9FUNG	64.52	31	11	0	1041	949	987	1017	2e-46	50.1
SeLEV6574_g00019	tr|A0A0L0HP50|A0A0L0HP50_SPIPN	50.91	220	89	4	768	121	158	362	9e-59	210
SeLEV6574_g00036	tr|A0A0L0HL92|A0A0L0HL92_SPIPN	78.40	250	31	1	1042	1791	249	475	0.0	378
SeLEV6574_g00036	tr|A0A0L0HL92|A0A0L0HL92_SPIPN	72.14	140	21	1	558	977	127	248	0.0	211
SeLEV6574_g00036	tr|A0A0L0HL92|A0A0L0HL92_SPIPN	76.92	65	14	1	293	487	62	125	0.0	115
SeLEV6574_g00037	tr|A0A067M323|A0A067M323_9HOMO	43.14	255	98	6	1853	2617	120	327	0.0	187
SeLEV6574_g00037	tr|A0A067M323|A0A067M323_9HOMO	52.49	181	36	2	3109	3651	416	546	0.0	176
SeLEV6574_g00037	tr|A0A067M323|A0A067M323_9HOMO	71.23	73	21	0	2832	3050	344	416	0.0	111
SeLEV6574_g00037	tr|A0A067M323|A0A067M323_9HOMO	56.47	85	37	0	4093	4347	623	707	0.0	110
SeLEV6574_g00037	tr|A0A067M323|A0A067M323_9HOMO	78.95	38	8	0	3710	3823	543	580	0.0	72.8
SeLEV6574_g00037	tr|A0A067M323|A0A067M323_9HOMO	67.65	34	11	0	3897	3998	578	611	0.0	52.4
SeLEV6574_g00037	tr|A0A067M323|A0A067M323_9HOMO	49.02	51	25	1	1626	1775	72	122	0.0	51.2
SeLEV6574_g00037	tr|A0A067M323|A0A067M323_9HOMO	63.64	22	8	0	2695	2760	328	349	0.0	36.6
SeLEV6574_g00037	tr|A0A067M323|A0A067M323_9HOMO	59.70	67	25	1	2047	2241	162	228	1e-06	65.1
SeLEV6574_g00034	tr|A0A1S8W1C1|A0A1S8W1C1_9FUNG	54.05	346	136	8	7	1041	174	497	4e-114	369
SeLEV6574_g00035	tr|A0A1Y2BD83|A0A1Y2BD83_9FUNG	40.67	150	34	2	456	7	4	98	3e-24	102
SeLEV6574_g00032	tr|A0A0L0H889|A0A0L0H889_SPIPN	55.19	183	38	2	2805	2257	16	154	3e-30	132
SeLEV6574_g00030	tr|A0A2J6HH40|A0A2J6HH40_9BACT	38.32	441	137	8	921	2234	226	534	5e-84	294
SeLEV6574_g00031	tr|A0A1Y2CZS4|A0A1Y2CZS4_9FUNG	48.65	185	67	2	5430	4879	173	330	0.0	177
SeLEV6574_g00031	tr|A0A1Y2CZS4|A0A1Y2CZS4_9FUNG	43.18	220	85	2	4282	3623	475	654	0.0	152
SeLEV6574_g00031	tr|A0A1Y2CZS4|A0A1Y2CZS4_9FUNG	38.22	225	88	5	3374	2727	690	872	0.0	140
SeLEV6574_g00031	tr|A0A1Y2CZS4|A0A1Y2CZS4_9FUNG	59.74	77	31	0	4820	4590	331	407	0.0	111
SeLEV6574_g00031	tr|A0A1Y2CZS4|A0A1Y2CZS4_9FUNG	43.15	146	46	5	2656	2261	873	995	0.0	101
SeLEV6574_g00031	tr|A0A1Y2CZS4|A0A1Y2CZS4_9FUNG	63.83	47	17	0	1940	1800	1055	1101	0.0	67.0
SeLEV6574_g00031	tr|A0A1Y2CZS4|A0A1Y2CZS4_9FUNG	47.46	59	31	0	2196	2020	997	1055	0.0	57.4
SeLEV6574_g00031	tr|A0A1Y2CZS4|A0A1Y2CZS4_9FUNG	43.24	37	21	0	3555	3445	656	692	0.0	35.8
SeLEV6574_g00031	tr|A0A1Y2CZS4|A0A1Y2CZS4_9FUNG	34.78	69	39	2	4530	4339	408	475	0.0	28.9
SeLEV6574_g00031	tr|A0A1Y2CZS4|A0A1Y2CZS4_9FUNG	43.63	259	107	3	1128	373	1237	1463	1e-85	221
SeLEV6574_g00031	tr|A0A1Y2CZS4|A0A1Y2CZS4_9FUNG	54.43	79	20	1	1429	1193	1174	1236	1e-85	80.5
SeLEV6574_g00031	tr|A0A1Y2CZS4|A0A1Y2CZS4_9FUNG	38.71	93	49	2	1773	1495	1091	1175	1e-85	69.7
SeLEV6574_g00031	tr|A0A1Y2CZS4|A0A1Y2CZS4_9FUNG	31.98	172	104	6	5394	4882	1067	1226	2e-22	79.7
SeLEV6574_g00031	tr|A0A1Y2CZS4|A0A1Y2CZS4_9FUNG	37.33	75	45	1	4808	4590	1235	1309	2e-22	58.5
SeLEV6574_g00031	tr|A0A1Y2CZS4|A0A1Y2CZS4_9FUNG	37.82	119	67	2	5217	4882	683	801	9e-22	87.0
SeLEV6574_g00031	tr|A0A1Y2CZS4|A0A1Y2CZS4_9FUNG	34.38	64	41	1	4778	4590	818	881	9e-22	48.9
SeLEV6574_g00031	tr|A0A1Y2CZS4|A0A1Y2CZS4_9FUNG	26.64	229	119	5	3353	2676	1131	1313	3e-12	84.0
SeLEV6574_g00031	tr|A0A1Y2CZS4|A0A1Y2CZS4_9FUNG	27.24	246	136	7	1128	400	808	1013	5e-12	71.6
SeLEV6574_g00031	tr|A0A1Y2CZS4|A0A1Y2CZS4_9FUNG	31.58	38	26	0	1327	1214	767	804	5e-12	31.2
SeLEV6574_g00031	tr|A0A1Y2CZS4|A0A1Y2CZS4_9FUNG	25.35	284	128	7	1128	415	337	582	1e-11	69.3
SeLEV6574_g00031	tr|A0A1Y2CZS4|A0A1Y2CZS4_9FUNG	38.24	34	21	0	1324	1223	296	329	1e-11	32.3
SeLEV6574_g00031	tr|A0A1Y2CZS4|A0A1Y2CZS4_9FUNG	26.40	197	106	6	3389	2799	218	375	4e-11	80.5
SeLEV6574_g00058	tr|A0A1Y2B758|A0A1Y2B758_9FUNG	27.09	251	133	11	416	1102	4	226	2e-14	82.4
SeLEV6574_g00059	tr|A0A094HS40|A0A094HS40_9PEZI	33.07	127	72	3	919	1293	190	305	2e-19	71.6
SeLEV6574_g00059	tr|A0A094HS40|A0A094HS40_9PEZI	57.14	28	12	0	1492	1575	335	362	2e-19	47.8
SeLEV6574_g00059	tr|A0A094HS40|A0A094HS40_9PEZI	50.00	22	10	1	1365	1427	314	335	2e-19	26.2
SeLEV6574_g00054	tr|A0A0L0HJG9|A0A0L0HJG9_SPIPN	46.25	534	126	11	1774	176	562	935	0.0	399
SeLEV6574_g00054	tr|A0A0L0HJG9|A0A0L0HJG9_SPIPN	68.81	109	34	0	2712	2386	339	447	0.0	165
SeLEV6574_g00054	tr|A0A0L0HJG9|A0A0L0HJG9_SPIPN	40.48	252	107	8	3505	2789	120	341	0.0	157
SeLEV6574_g00054	tr|A0A0L0HJG9|A0A0L0HJG9_SPIPN	51.26	119	37	2	2174	1818	470	567	0.0	117
SeLEV6574_g00054	tr|A0A0L0HJG9|A0A0L0HJG9_SPIPN	75.86	29	7	0	2335	2249	442	470	0.0	52.4
SeLEV6574_g00054	tr|A0A0L0HJG9|A0A0L0HJG9_SPIPN	48.48	33	17	0	114	16	937	969	0.0	37.0
SeLEV6574_g00054	tr|A0A0L0HJG9|A0A0L0HJG9_SPIPN	65.79	38	13	0	965	852	731	768	4e-05	59.7
SeLEV6574_g00055	tr|A0A0L0HLE7|A0A0L0HLE7_SPIPN	39.86	138	59	7	363	4	178	309	3e-21	71.2
SeLEV6574_g00055	tr|A0A0L0HLE7|A0A0L0HLE7_SPIPN	44.44	54	22	3	939	793	41	91	3e-21	43.5
SeLEV6574_g00055	tr|A0A0L0HLE7|A0A0L0HLE7_SPIPN	30.12	83	37	2	691	443	112	173	3e-21	36.6
SeLEV6574_g00056	tr|A0A1S8W6J0|A0A1S8W6J0_9FUNG	83.33	42	7	0	527	402	2	43	4e-35	75.9
SeLEV6574_g00056	tr|A0A1S8W6J0|A0A1S8W6J0_9FUNG	79.07	43	9	0	162	34	77	119	4e-35	72.4
SeLEV6574_g00056	tr|A0A1S8W6J0|A0A1S8W6J0_9FUNG	91.43	35	3	0	331	227	43	77	4e-35	48.1
SeLEV6574_g00057	tr|A0A0L0H926|A0A0L0H926_SPIPN	47.54	284	85	8	557	1405	149	369	0.0	237
SeLEV6574_g00057	tr|A0A0L0H926|A0A0L0H926_SPIPN	53.12	160	73	1	1458	1937	367	524	0.0	182
SeLEV6574_g00057	tr|A0A0L0H926|A0A0L0H926_SPIPN	33.78	222	114	3	3186	3851	813	1001	0.0	125
SeLEV6574_g00057	tr|A0A0L0H926|A0A0L0H926_SPIPN	43.95	157	47	3	25	495	35	150	0.0	122
SeLEV6574_g00057	tr|A0A0L0H926|A0A0L0H926_SPIPN	44.66	103	34	2	2033	2341	536	615	0.0	90.1
SeLEV6574_g00057	tr|A0A0L0H926|A0A0L0H926_SPIPN	50.00	80	40	0	2389	2628	611	690	0.0	86.7
SeLEV6574_g00057	tr|A0A0L0H926|A0A0L0H926_SPIPN	47.37	95	50	0	2854	3138	722	816	0.0	77.4
SeLEV6574_g00057	tr|A0A0L0H926|A0A0L0H926_SPIPN	50.00	28	10	1	2723	2794	698	725	0.0	28.9
SeLEV6574_g00051	tr|A0A0L0H6D7|A0A0L0H6D7_SPIPN	55.79	328	143	2	2575	1592	428	753	0.0	356
SeLEV6574_g00051	tr|A0A0L0H6D7|A0A0L0H6D7_SPIPN	53.33	210	96	1	1491	868	755	964	0.0	219
SeLEV6574_g00051	tr|A0A0L0H6D7|A0A0L0H6D7_SPIPN	41.54	195	81	3	3245	2661	256	417	0.0	141
SeLEV6574_g00051	tr|A0A0L0H6D7|A0A0L0H6D7_SPIPN	39.06	128	48	3	3949	3581	84	186	0.0	84.0
SeLEV6574_g00051	tr|A0A0L0H6D7|A0A0L0H6D7_SPIPN	55.88	68	30	0	3513	3310	188	255	0.0	84.0
SeLEV6574_g00051	tr|A0A0L0H6D7|A0A0L0H6D7_SPIPN	32.46	114	73	1	511	182	1033	1146	0.0	65.9
SeLEV6574_g00051	tr|A0A0L0H6D7|A0A0L0H6D7_SPIPN	36.76	68	43	0	779	576	964	1031	0.0	55.8
SeLEV6574_g00070	tr|A0A2Z6RAU8|A0A2Z6RAU8_9GLOM	45.00	260	126	4	798	31	1	247	2e-64	214
SeLEV6574_g00071	tr|A0A139A0U8|A0A139A0U8_GONPR	48.52	169	61	3	607	1113	1	143	5e-46	154
SeLEV6574_g00071	tr|A0A139A0U8|A0A139A0U8_GONPR	58.70	46	19	0	1187	1324	151	196	5e-46	60.8
SeLEV6574_g00076	tr|A0A1Y2BSB9|A0A1Y2BSB9_9FUNG	48.91	184	90	3	1314	766	90	270	4e-57	161
SeLEV6574_g00076	tr|A0A1Y2BSB9|A0A1Y2BSB9_9FUNG	44.44	90	50	0	1670	1401	2	91	4e-57	91.7
SeLEV6574_g00076	tr|A0A1Y2BSB9|A0A1Y2BSB9_9FUNG	55.10	49	22	0	330	184	367	415	3e-09	70.5
SeLEV6574_g00077	tr|A0A397T4R8|A0A397T4R8_9GLOM	44.93	69	38	0	1	207	1	69	1e-14	74.7
SeLEV6574_g00075	tr|A0A357MKK1|A0A357MKK1_9RHOB	32.98	94	59	2	2289	2020	46	139	3e-06	58.9
SeLEV6574_g00078	tr|A0A0L0H8W3|A0A0L0H8W3_SPIPN	44.14	222	76	4	2270	1605	122	295	3e-63	171
SeLEV6574_g00078	tr|A0A0L0H8W3|A0A0L0H8W3_SPIPN	45.30	117	33	3	1555	1208	289	375	3e-63	85.9
SeLEV6574_g00078	tr|A0A0L0H8W3|A0A0L0H8W3_SPIPN	50.00	28	14	0	2404	2321	96	123	3e-63	37.4
SeLEV6574_g00078	tr|A0A0L0H8W3|A0A0L0H8W3_SPIPN	38.79	214	73	3	795	154	417	572	1e-31	143
SeLEV6574_g00079	tr|A0A177WYY9|A0A177WYY9_BATDE	65.38	52	18	0	297	452	2	53	2e-63	81.6
SeLEV6574_g00079	tr|A0A177WYY9|A0A177WYY9_BATDE	31.53	203	96	7	1079	1579	158	353	2e-63	73.9
SeLEV6574_g00079	tr|A0A177WYY9|A0A177WYY9_BATDE	60.00	45	18	0	521	655	53	97	2e-63	63.2
SeLEV6574_g00079	tr|A0A177WYY9|A0A177WYY9_BATDE	57.14	42	18	0	855	980	117	158	2e-63	57.4
SeLEV6574_g00079	tr|A0A177WYY9|A0A177WYY9_BATDE	66.67	30	10	0	718	807	93	122	2e-63	41.2
SeLEV6574_g00079	tr|A0A177WYY9|A0A177WYY9_BATDE	40.00	45	26	1	1635	1766	353	397	2e-63	38.9
SeLEV6574_g00003	tr|A0A2Z4IAS1|A0A2Z4IAS1_9FIRM	42.52	127	70	2	494	874	83	206	7e-19	94.0
SeLEV6574_g00002	tr|A0A1Y2CNT2|A0A1Y2CNT2_9FUNG	62.68	276	38	3	932	105	188	398	1e-138	330
SeLEV6574_g00002	tr|A0A1Y2CNT2|A0A1Y2CNT2_9FUNG	54.34	173	37	2	1510	992	57	187	1e-138	189
SeLEV6574_g00002	tr|A0A1Y2CNT2|A0A1Y2CNT2_9FUNG	70.59	17	5	0	54	4	395	411	1e-138	27.3
SeLEV6574_g00007	tr|A0A0L0HII0|A0A0L0HII0_SPIPN	49.74	195	90	4	633	58	320	509	3e-110	193
SeLEV6574_g00007	tr|A0A0L0HII0|A0A0L0HII0_SPIPN	47.18	195	78	4	1282	698	149	318	3e-110	153
SeLEV6574_g00007	tr|A0A0L0HII0|A0A0L0HII0_SPIPN	41.53	118	48	2	1692	1339	53	149	3e-110	94.0
SeLEV6574_g00007	tr|A0A0L0HII0|A0A0L0HII0_SPIPN	63.16	19	7	0	58	2	509	527	3e-110	32.3
SeLEV6574_g00006	tr|A0A0L0HHK9|A0A0L0HHK9_SPIPN	43.90	123	48	2	4294	3926	16	117	4e-59	109
SeLEV6574_g00006	tr|A0A0L0HHK9|A0A0L0HHK9_SPIPN	36.26	171	103	3	3380	2883	230	399	4e-59	100
SeLEV6574_g00006	tr|A0A0L0HHK9|A0A0L0HHK9_SPIPN	41.67	48	28	0	3860	3717	116	163	4e-59	48.1
SeLEV6574_g00006	tr|A0A0L0HHK9|A0A0L0HHK9_SPIPN	42.31	52	30	0	3610	3455	178	229	4e-59	44.7
SeLEV6574_g00005	tr|A0A1Y2C275|A0A1Y2C275_9FUNG	50.00	572	169	13	2380	668	475	930	0.0	494
SeLEV6574_g00005	tr|A0A1Y2C275|A0A1Y2C275_9FUNG	53.18	299	75	7	3347	2457	239	474	0.0	263
SeLEV6574_g00005	tr|A0A1Y2C275|A0A1Y2C275_9FUNG	74.10	139	14	1	3822	3406	124	240	0.0	208
SeLEV6574_g00005	tr|A0A1Y2C275|A0A1Y2C275_9FUNG	37.57	181	61	3	576	34	930	1058	0.0	93.6
SeLEV6574_g00005	tr|A0A1Y2C275|A0A1Y2C275_9FUNG	64.86	37	13	0	3992	3882	88	124	0.0	50.8
SeLEV6574_g00005	tr|A0A1Y2C275|A0A1Y2C275_9FUNG	54.88	82	35	1	1725	1480	648	727	2e-28	101
SeLEV6574_g00005	tr|A0A1Y2C275|A0A1Y2C275_9FUNG	69.44	36	11	0	1877	1770	620	655	2e-28	57.8
SeLEV6574_g00004	tr|H0WFB5|H0WFB5_DANRE	23.84	172	110	6	784	275	3	155	3e-04	46.6
SeLEV6574_g00004	tr|H0WFB5|H0WFB5_DANRE	44.12	34	17	2	159	58	175	206	3e-04	27.7
SeLEV6574_g00009	tr|U4UA39|U4UA39_DENPD	75.44	114	15	2	427	89	82	183	3e-54	171
SeLEV6574_g00009	tr|U4UA39|U4UA39_DENPD	96.88	32	1	0	594	499	49	80	3e-54	71.2
SeLEV6574_g00009	tr|U4UA39|U4UA39_DENPD	84.00	50	8	0	992	843	1	50	2e-14	82.8
SeLEV6574_g00008	tr|A0A397IYG8|A0A397IYG8_9GLOM	45.41	207	69	3	1058	447	78	243	6e-81	180
SeLEV6574_g00008	tr|A0A397IYG8|A0A397IYG8_9GLOM	64.71	68	24	0	379	176	245	312	6e-81	96.3
SeLEV6574_g00008	tr|A0A397IYG8|A0A397IYG8_9GLOM	40.82	98	34	2	1420	1127	3	76	6e-81	68.2
SeLEV6574_g00008	tr|A0A397IYG8|A0A397IYG8_9GLOM	52.17	23	11	0	72	4	306	328	6e-81	30.0
SeLEV6574_g00029	tr|A0A397VGC5|A0A397VGC5_9GLOM	38.66	119	48	2	966	1319	151	245	2e-27	85.1
SeLEV6574_g00029	tr|A0A397VGC5|A0A397VGC5_9GLOM	60.98	41	16	0	773	895	112	152	2e-27	56.2
SeLEV6574_g00029	tr|A0A397VGC5|A0A397VGC5_9GLOM	46.67	30	14	1	595	678	80	109	2e-27	32.0
SeLEV6574_g00028	tr|A0A0L0HQJ0|A0A0L0HQJ0_SPIPN	53.53	312	101	2	1030	1965	204	471	0.0	305
SeLEV6574_g00028	tr|A0A0L0HQJ0|A0A0L0HQJ0_SPIPN	63.27	98	36	0	410	703	59	156	0.0	139
SeLEV6574_g00028	tr|A0A0L0HQJ0|A0A0L0HQJ0_SPIPN	49.63	135	46	1	2054	2458	469	581	0.0	131
SeLEV6574_g00028	tr|A0A0L0HQJ0|A0A0L0HQJ0_SPIPN	46.67	105	55	1	2724	3035	628	732	0.0	108
SeLEV6574_g00028	tr|A0A0L0HQJ0|A0A0L0HQJ0_SPIPN	70.31	64	19	0	3109	3300	732	795	0.0	98.2
SeLEV6574_g00028	tr|A0A0L0HQJ0|A0A0L0HQJ0_SPIPN	56.86	51	20	1	2512	2664	581	629	0.0	65.1
SeLEV6574_g00028	tr|A0A0L0HQJ0|A0A0L0HQJ0_SPIPN	58.82	51	17	1	822	962	155	205	0.0	63.2
SeLEV6574_g00020	tr|A0A0L0HPH0|A0A0L0HPH0_SPIPN	31.89	417	219	12	357	1556	62	430	5e-67	188
SeLEV6574_g00020	tr|A0A0L0HPH0|A0A0L0HPH0_SPIPN	35.53	152	81	4	1798	2229	468	610	5e-67	77.4
SeLEV6574_g00020	tr|A0A0L0HPH0|A0A0L0HPH0_SPIPN	42.22	45	25	1	1610	1741	425	469	5e-67	41.6
SeLEV6574_g00022	tr|A0A0L0HIT7|A0A0L0HIT7_SPIPN	66.41	515	143	5	650	2185	1	488	0.0	704
SeLEV6574_g00022	tr|A0A0L0HIT7|A0A0L0HIT7_SPIPN	57.14	42	18	0	2239	2364	487	528	5e-04	55.1
SeLEV6574_g00027	tr|A0A163JU50|A0A163JU50_ABSGL	80.56	108	20	1	1143	823	25	132	1e-110	170
SeLEV6574_g00027	tr|A0A163JU50|A0A163JU50_ABSGL	70.97	93	26	1	475	200	205	297	1e-110	137
SeLEV6574_g00027	tr|A0A163JU50|A0A163JU50_ABSGL	74.67	75	19	0	755	531	132	206	1e-110	111
SeLEV6574_g00027	tr|A0A163JU50|A0A163JU50_ABSGL	63.16	38	14	0	132	19	298	335	1e-110	54.7
SeLEV6574_g00026	tr|A0A1X0QQM3|A0A1X0QQM3_9FUNG	47.62	42	21	1	655	530	245	285	1e-15	49.3
SeLEV6574_g00026	tr|A0A1X0QQM3|A0A1X0QQM3_9FUNG	26.62	154	97	5	1294	866	70	218	1e-15	43.9
SeLEV6574_g00026	tr|A0A1X0QQM3|A0A1X0QQM3_9FUNG	57.14	28	12	0	807	724	217	244	1e-15	40.0
SeLEV6574_g00049	tr|A0A1Y2B8I0|A0A1Y2B8I0_9FUNG	45.95	74	37	1	962	1183	150	220	1e-12	78.6
SeLEV6574_g00047	tr|G4N339|G4N339_MAGO7	38.30	94	29	3	633	902	152	220	3e-13	66.2
SeLEV6574_g00047	tr|G4N339|G4N339_MAGO7	28.36	134	81	5	130	522	24	145	3e-13	40.4
SeLEV6574_g00046	tr|D4D071|D4D071_TRIVH	39.20	199	71	4	1152	571	373	526	4e-81	132
SeLEV6574_g00046	tr|D4D071|D4D071_TRIVH	67.74	62	20	0	1417	1232	309	370	4e-81	93.6
SeLEV6574_g00046	tr|D4D071|D4D071_TRIVH	71.11	45	12	1	514	383	524	568	4e-81	76.3
SeLEV6574_g00046	tr|D4D071|D4D071_TRIVH	51.22	41	20	0	132	10	615	655	4e-81	50.1
SeLEV6574_g00046	tr|D4D071|D4D071_TRIVH	41.03	39	22	1	302	189	582	620	4e-81	39.7
SeLEV6574_g00046	tr|D4D071|D4D071_TRIVH	75.00	12	3	0	1511	1476	292	303	4e-81	24.6
SeLEV6574_g00045	tr|A0A397TTX6|A0A397TTX6_9GLOM	49.12	226	78	2	61	738	25	213	9e-67	218
SeLEV6574_g00044	tr|A0A1S8VM12|A0A1S8VM12_9FUNG	24.01	304	169	8	3252	4112	967	1225	6e-19	95.9
SeLEV6574_g00044	tr|A0A1S8VM12|A0A1S8VM12_9FUNG	30.16	63	43	1	4184	4369	1230	1292	6e-19	30.4
SeLEV6574_g00044	tr|A0A1S8VM12|A0A1S8VM12_9FUNG	24.89	225	121	5	450	1067	241	436	5e-11	70.1
SeLEV6574_g00044	tr|A0A1S8VM12|A0A1S8VM12_9FUNG	25.86	58	43	0	191	364	173	230	5e-11	29.3
SeLEV6574_g00043	tr|A0A0L0HH51|A0A0L0HH51_SPIPN	42.65	136	52	5	556	173	85	202	3e-48	95.1
SeLEV6574_g00043	tr|A0A0L0HH51|A0A0L0HH51_SPIPN	68.00	50	16	0	759	610	36	85	3e-48	77.8
SeLEV6574_g00043	tr|A0A0L0HH51|A0A0L0HH51_SPIPN	75.00	32	8	0	889	794	10	41	3e-48	50.1
SeLEV6574_g00043	tr|A0A0L0HH51|A0A0L0HH51_SPIPN	51.61	31	15	0	126	34	201	231	3e-48	39.7
SeLEV6574_g00041	tr|A0A0L0HDS7|A0A0L0HDS7_SPIPN	45.52	892	315	19	2664	7	196	922	0.0	717
SeLEV6574_g00041	tr|A0A0L0HDS7|A0A0L0HDS7_SPIPN	47.00	100	45	1	3166	2891	24	123	2e-16	96.3
SeLEV6574_g00041	tr|A0A0L0HDS7|A0A0L0HDS7_SPIPN	75.86	29	7	0	949	863	682	710	5e-04	55.8
SeLEV6574_g00040	tr|A0A1Y1XPZ2|A0A1Y1XPZ2_9FUNG	29.26	393	220	10	2169	1027	166	512	5e-83	187
SeLEV6574_g00040	tr|A0A1Y1XPZ2|A0A1Y1XPZ2_9FUNG	33.16	190	117	3	795	253	553	741	5e-83	119
SeLEV6574_g00040	tr|A0A1Y1XPZ2|A0A1Y1XPZ2_9FUNG	41.46	41	23	1	190	68	746	785	5e-83	38.5
SeLEV6574_g00040	tr|A0A1Y1XPZ2|A0A1Y1XPZ2_9FUNG	34.21	38	25	0	991	878	506	543	5e-83	37.0
SeLEV6574_g00064	tr|A0A061AMN1|A0A061AMN1_RHOTO	42.19	64	36	1	1218	1030	39	102	3e-05	57.4
SeLEV6574_g00067	tr|A0A074ZXH2|A0A074ZXH2_9TREM	32.80	125	66	4	450	76	107	213	4e-12	79.7
SeLEV6574_g00061	tr|A0A0C7BBK5|A0A0C7BBK5_9FUNG	50.75	67	28	1	522	707	200	266	3e-06	60.1
SeLEV6574_g00060	tr|A0A0L0HNS1|A0A0L0HNS1_SPIPN	57.54	471	128	5	1413	4	164	563	4e-170	508
SeLEV6574_g00063	tr|A0A0L0HDW5|A0A0L0HDW5_SPIPN	55.88	34	14	1	1300	1398	323	356	3e-06	40.8
SeLEV6574_g00063	tr|A0A0L0HDW5|A0A0L0HDW5_SPIPN	72.22	18	5	0	1191	1244	310	327	3e-06	40.4
SeLEV6574_g00062	tr|A0A317X2D4|A0A317X2D4_9EURO	40.18	112	56	5	497	168	270	372	7e-27	70.1
SeLEV6574_g00062	tr|A0A317X2D4|A0A317X2D4_9EURO	33.94	109	70	1	1097	771	123	229	7e-27	67.4
SeLEV6574_g00062	tr|A0A317X2D4|A0A317X2D4_9EURO	51.61	31	14	1	669	580	236	266	7e-27	33.9
SeLEV6574_g00069	tr|A0A0L0HC08|A0A0L0HC08_SPIPN	36.63	546	298	9	918	2522	207	715	1e-109	336
SeLEV6574_g00069	tr|A0A0L0HC08|A0A0L0HC08_SPIPN	57.69	52	22	0	685	840	154	205	1e-109	70.5
SeLEV6574_g00069	tr|A0A0L0HC08|A0A0L0HC08_SPIPN	35.71	56	36	0	455	622	98	153	1e-109	43.9
SeLEV6574_g00081	tr|A0A1Y1VWQ9|A0A1Y1VWQ9_9FUNG	54.08	98	43	1	354	61	102	197	7e-42	112
SeLEV6574_g00081	tr|A0A1Y1VWQ9|A0A1Y1VWQ9_9FUNG	54.12	85	23	2	629	378	41	110	7e-42	88.2
SeLEV6574_g00080	tr|A0A367K1L2|A0A367K1L2_RHIST	64.79	142	27	1	1243	1668	601	719	2e-88	192
SeLEV6574_g00080	tr|A0A367K1L2|A0A367K1L2_RHIST	45.25	221	56	7	521	1183	449	604	2e-88	164
SeLEV6574_g00080	tr|A0A367K1L2|A0A367K1L2_RHIST	36.28	215	89	8	268	897	380	551	4e-25	121
SeLEV6574_g00080	tr|A0A367K1L2|A0A367K1L2_RHIST	36.70	109	21	2	697	897	491	593	6e-12	66.6
SeLEV6574_g00080	tr|A0A367K1L2|A0A367K1L2_RHIST	35.90	39	25	0	569	685	423	461	6e-12	33.9
SeLEV6574_g00080	tr|A0A367K1L2|A0A367K1L2_RHIST	31.39	137	64	4	1255	1662	436	543	2e-04	55.5
SeLEV6574_g00085	tr|A0A1S8VQ19|A0A1S8VQ19_9FUNG	42.68	157	79	2	446	886	90	245	3e-31	129
SeLEV6574_g00084	tr|A0A1I7S6W8|A0A1I7S6W8_BURXY	33.06	124	80	1	387	25	180	303	3e-12	72.0
SeLEV6574_g00157	tr|A0A1Y2BQ17|A0A1Y2BQ17_9FUNG	43.67	158	67	2	841	1311	249	385	4e-81	135
SeLEV6574_g00157	tr|A0A1Y2BQ17|A0A1Y2BQ17_9FUNG	35.17	236	144	2	1377	2084	384	610	4e-81	124
SeLEV6574_g00157	tr|A0A1Y2BQ17|A0A1Y2BQ17_9FUNG	32.24	245	79	11	4	597	7	211	4e-81	70.9
SeLEV6574_g00157	tr|A0A1Y2BQ17|A0A1Y2BQ17_9FUNG	45.95	37	20	0	650	760	209	245	4e-81	45.8
SeLEV6574_g00156	tr|A0A1Y1V3L0|A0A1Y1V3L0_9FUNG	33.74	246	106	5	178	882	32	231	4e-30	120
SeLEV6574_g00156	tr|A0A1Y1V3L0|A0A1Y1V3L0_9FUNG	28.45	116	53	3	941	1276	231	320	4e-30	40.4
SeLEV6574_g00159	tr|A0A1Y1Y5K4|A0A1Y1Y5K4_9FUNG	30.59	255	128	12	785	39	150	361	2e-13	84.0
SeLEV6574_g00151	tr|F4NV07|F4NV07_BATDJ	40.38	156	63	4	941	474	157	282	5e-24	97.4
SeLEV6574_g00151	tr|F4NV07|F4NV07_BATDJ	48.28	29	15	0	442	356	278	306	5e-24	34.7
SeLEV6574_g00151	tr|F4NV07|F4NV07_BATDJ	51.61	31	14	1	300	208	307	336	5e-24	28.5
SeLEV6574_g00150	tr|A0A1K0H4W6|A0A1K0H4W6_9BASI	50.35	143	30	4	660	1082	44	147	8e-28	117
SeLEV6574_g00153	tr|F4NW13|F4NW13_BATDJ	26.22	576	292	17	1722	76	243	712	5e-43	180
SeLEV6574_g00152	tr|A0A372RG55|A0A372RG55_9GLOM	41.38	174	68	7	530	1036	140	284	2e-18	99.0
SeLEV6574_g00154	tr|A0A1Y1YKN6|A0A1Y1YKN6_9FUNG	44.57	175	65	4	1438	1941	240	389	3e-69	135
SeLEV6574_g00154	tr|A0A1Y1YKN6|A0A1Y1YKN6_9FUNG	74.67	75	19	0	1145	1369	169	243	3e-69	121
SeLEV6574_g00154	tr|A0A1Y1YKN6|A0A1Y1YKN6_9FUNG	68.42	19	6	0	1026	1082	151	169	3e-69	37.0
SeLEV6574_g00154	tr|A0A1Y1YKN6|A0A1Y1YKN6_9FUNG	50.00	26	13	0	886	963	128	153	3e-69	31.2
SeLEV6574_g00154	tr|A0A1Y1YKN6|A0A1Y1YKN6_9FUNG	32.65	49	32	1	570	716	66	113	3e-69	25.4
SeLEV6574_g00154	tr|A0A1Y1YKN6|A0A1Y1YKN6_9FUNG	72.73	11	3	0	791	823	117	127	3e-69	24.6
SeLEV6574_g00158	tr|A0A1Y2F088|A0A1Y2F088_9FUNG	54.09	477	163	9	1482	55	26	447	2e-147	447
SeLEV6574_g00135	tr|A0A0L0HH24|A0A0L0HH24_SPIPN	74.40	250	64	0	928	179	537	786	4e-123	402
SeLEV6574_g00134	tr|A0A0L0H5K9|A0A0L0H5K9_SPIPN	88.28	128	13	1	730	1113	136	261	3e-109	231
SeLEV6574_g00134	tr|A0A0L0H5K9|A0A0L0H5K9_SPIPN	75.00	80	20	0	441	680	65	144	3e-109	131
SeLEV6574_g00134	tr|A0A0L0H5K9|A0A0L0H5K9_SPIPN	65.12	43	15	0	253	381	22	64	3e-109	57.8
SeLEV6574_g00134	tr|A0A0L0H5K9|A0A0L0H5K9_SPIPN	86.96	23	3	0	102	170	2	24	3e-109	47.8
SeLEV6574_g00139	tr|F4NUZ6|F4NUZ6_BATDJ	37.84	148	55	4	262	705	6	116	2e-23	103
SeLEV6574_g00138	tr|A0A0L0HH24|A0A0L0HH24_SPIPN	59.01	727	262	8	435	2588	87	786	0.0	834
SeLEV6574_g00138	tr|A0A0L0HH24|A0A0L0HH24_SPIPN	36.17	188	73	5	2677	3186	786	944	2e-12	83.6
SeLEV6574_g00138	tr|A0A0L0HH24|A0A0L0HH24_SPIPN	60.42	48	19	0	226	369	42	89	2e-07	67.0
SeLEV6574_g00119	tr|A0A1Y2CNC5|A0A1Y2CNC5_9FUNG	27.97	286	122	8	717	1553	14	222	5e-19	99.8
SeLEV6574_g00118	tr|A0A0L0H5B4|A0A0L0H5B4_SPIPN	43.01	93	53	0	420	142	269	361	5e-50	73.9
SeLEV6574_g00118	tr|A0A0L0H5B4|A0A0L0H5B4_SPIPN	48.53	68	35	0	664	461	208	275	5e-50	67.0
SeLEV6574_g00118	tr|A0A0L0H5B4|A0A0L0H5B4_SPIPN	40.20	102	59	1	1022	717	112	211	5e-50	66.2
SeLEV6574_g00118	tr|A0A0L0H5B4|A0A0L0H5B4_SPIPN	34.83	89	49	2	1327	1079	27	112	5e-50	62.8
SeLEV6574_g00115	tr|A0A162U2Q1|A0A162U2Q1_PHYB8	28.64	213	76	8	1089	472	152	295	2e-06	61.6
SeLEV6574_g00114	tr|A0A0L0HGY9|A0A0L0HGY9_SPIPN	35.14	259	90	5	2585	3331	710	900	2e-66	134
SeLEV6574_g00114	tr|A0A0L0HGY9|A0A0L0HGY9_SPIPN	51.55	161	72	3	2047	2511	549	709	2e-66	121
SeLEV6574_g00114	tr|A0A0L0HGY9|A0A0L0HGY9_SPIPN	41.67	48	28	0	1824	1967	501	548	2e-66	50.8
SeLEV6574_g00114	tr|A0A0L0HGY9|A0A0L0HGY9_SPIPN	54.31	116	50	2	735	1082	177	289	3e-36	124
SeLEV6574_g00114	tr|A0A0L0HGY9|A0A0L0HGY9_SPIPN	33.33	123	58	2	302	670	78	176	3e-36	60.1
SeLEV6574_g00117	tr|A0A1Y2GSV6|A0A1Y2GSV6_9FUNG	41.92	167	93	2	698	1189	42	207	4e-37	147
SeLEV6574_g00116	tr|A0A2D0T255|A0A2D0T255_ICTPU	32.31	229	126	8	1548	2180	395	612	8e-16	94.0
SeLEV6574_g00116	tr|A0A2D0T255|A0A2D0T255_ICTPU	30.39	204	115	7	1434	1997	451	643	2e-05	60.1
SeLEV6574_g00111	tr|A0A397VEE2|A0A397VEE2_9GLOM	31.49	343	153	7	1499	492	108	375	3e-39	161
SeLEV6574_g00110	tr|A0A0L0HEJ0|A0A0L0HEJ0_SPIPN	24.70	251	136	8	248	973	20	226	5e-23	81.3
SeLEV6574_g00110	tr|A0A0L0HEJ0|A0A0L0HEJ0_SPIPN	33.33	51	34	0	1171	1323	249	299	5e-23	38.1
SeLEV6574_g00110	tr|A0A0L0HEJ0|A0A0L0HEJ0_SPIPN	56.00	25	10	1	1504	1575	310	334	5e-23	31.2
SeLEV6574_g00110	tr|A0A0L0HEJ0|A0A0L0HEJ0_SPIPN	41.67	24	14	0	1041	1112	225	248	5e-23	23.9
SeLEV6574_g00110	tr|A0A0L0HEJ0|A0A0L0HEJ0_SPIPN	53.33	15	7	0	1388	1432	296	310	5e-23	22.7
SeLEV6574_g00113	tr|A0A0L0HGY5|A0A0L0HGY5_SPIPN	60.28	428	105	6	1685	429	378	749	0.0	488
SeLEV6574_g00113	tr|A0A0L0HGY5|A0A0L0HGY5_SPIPN	58.33	108	18	3	2725	2405	152	233	0.0	112
SeLEV6574_g00113	tr|A0A0L0HGY5|A0A0L0HGY5_SPIPN	65.82	79	27	0	2004	1768	299	377	0.0	107
SeLEV6574_g00113	tr|A0A0L0HGY5|A0A0L0HGY5_SPIPN	73.17	41	11	0	2186	2064	261	301	0.0	65.9
SeLEV6574_g00113	tr|A0A0L0HGY5|A0A0L0HGY5_SPIPN	87.88	33	4	0	2331	2233	233	265	0.0	65.1
SeLEV6574_g00113	tr|A0A0L0HGY5|A0A0L0HGY5_SPIPN	80.00	25	5	0	363	289	749	773	0.0	53.9
SeLEV6574_g00113	tr|A0A0L0HGY5|A0A0L0HGY5_SPIPN	60.00	15	6	0	48	4	808	822	0.0	23.5
SeLEV6574_g00113	tr|A0A0L0HGY5|A0A0L0HGY5_SPIPN	78.38	37	6	1	235	125	773	807	0.0	22.3
SeLEV6574_g00113	tr|A0A0L0HGY5|A0A0L0HGY5_SPIPN	88.89	45	5	0	2997	2863	107	151	1e-12	84.3
SeLEV6574_g00113	tr|A0A0L0HGY5|A0A0L0HGY5_SPIPN	71.43	35	10	0	1290	1186	481	515	2e-05	61.2
SeLEV6574_g00112	tr|A0A1X2GHK7|A0A1X2GHK7_9FUNG	44.44	90	44	1	303	52	337	426	1e-17	81.6
SeLEV6574_g00112	tr|A0A1X2GHK7|A0A1X2GHK7_9FUNG	37.21	43	27	0	488	360	300	342	1e-17	38.1
SeLEV6574_g00099	tr|F4NSP5|F4NSP5_BATDJ	58.04	286	49	4	1704	847	157	371	2e-119	332
SeLEV6574_g00099	tr|F4NSP5|F4NSP5_BATDJ	47.47	99	16	1	2062	1766	98	160	2e-119	93.2
SeLEV6574_g00099	tr|F4NSP5|F4NSP5_BATDJ	58.82	34	14	0	797	696	367	400	2e-119	47.4
SeLEV6574_g00099	tr|F4NSP5|F4NSP5_BATDJ	50.00	24	12	0	630	559	398	421	2e-119	32.0
SeLEV6574_g00090	tr|A0A0L0HT09|A0A0L0HT09_SPIPN	78.18	275	60	0	846	22	121	395	9e-144	430
SeLEV6574_g00090	tr|A0A0L0HT09|A0A0L0HT09_SPIPN	42.03	138	47	3	1298	897	22	130	3e-17	94.0
SeLEV6574_g00091	tr|A0A1X2HNY7|A0A1X2HNY7_SYNRA	41.38	58	29	1	654	812	5	62	8e-05	52.0
SeLEV6574_g00093	tr|A0A1X0R3G8|A0A1X0R3G8_9FUNG	30.00	140	76	6	2296	1877	1074	1191	2e-17	55.5
SeLEV6574_g00093	tr|A0A1X0R3G8|A0A1X0R3G8_9FUNG	25.48	157	108	7	1499	1044	1272	1424	2e-17	54.3
SeLEV6574_g00093	tr|A0A1X0R3G8|A0A1X0R3G8_9FUNG	47.83	23	9	1	2423	2364	1050	1072	2e-17	25.4
SeLEV6574_g00093	tr|A0A1X0R3G8|A0A1X0R3G8_9FUNG	23.94	71	52	2	1833	1621	1187	1255	2e-17	25.4
SeLEV6574_g00094	tr|A0A250WWU3|A0A250WWU3_9CHLO	29.26	229	115	9	25	585	109	332	9e-15	81.3
SeLEV6574_g00095	tr|A0A1Y2CJT1|A0A1Y2CJT1_9FUNG	73.29	146	34	1	1162	740	22	167	8e-119	227
SeLEV6574_g00095	tr|A0A1Y2CJT1|A0A1Y2CJT1_9FUNG	79.70	133	27	0	659	261	172	304	8e-119	221
SeLEV6574_g00095	tr|A0A1Y2CJT1|A0A1Y2CJT1_9FUNG	43.18	44	14	1	213	82	299	331	8e-119	30.8
SeLEV6574_g00096	tr|A0A397IDZ9|A0A397IDZ9_9GLOM	41.20	284	95	5	780	19	125	366	2e-79	196
SeLEV6574_g00096	tr|A0A397IDZ9|A0A397IDZ9_9GLOM	70.97	62	18	0	1028	843	64	125	2e-79	94.7
SeLEV6574_g00096	tr|A0A397IDZ9|A0A397IDZ9_9GLOM	43.48	46	26	0	1391	1254	1	46	2e-79	45.4
SeLEV6574_g00096	tr|A0A397IDZ9|A0A397IDZ9_9GLOM	93.75	16	1	0	1173	1126	49	64	2e-79	32.7
SeLEV6574_g00096	tr|A0A397IDZ9|A0A397IDZ9_9GLOM	83.64	55	9	0	592	428	168	222	2e-20	103
SeLEV6574_g00097	tr|A0A0L0HJU7|A0A0L0HJU7_SPIPN	56.17	162	28	2	144	629	2	120	4e-44	157
SeLEV6574_g00160	tr|A0A0L0HCE3|A0A0L0HCE3_SPIPN	43.17	366	169	7	2176	3240	708	1045	4e-145	285
SeLEV6574_g00160	tr|A0A0L0HCE3|A0A0L0HCE3_SPIPN	40.38	260	105	6	3270	3995	1037	1264	4e-145	176
SeLEV6574_g00160	tr|A0A0L0HCE3|A0A0L0HCE3_SPIPN	25.20	504	239	19	659	2122	332	713	4e-145	108
SeLEV6574_g00161	tr|A0A1S8VT78|A0A1S8VT78_9FUNG	44.87	234	98	4	1593	895	105	308	2e-145	219
SeLEV6574_g00161	tr|A0A1S8VT78|A0A1S8VT78_9FUNG	52.20	182	60	4	566	102	372	553	2e-145	183
SeLEV6574_g00161	tr|A0A1S8VT78|A0A1S8VT78_9FUNG	71.70	53	15	0	802	644	312	364	2e-145	92.4
SeLEV6574_g00161	tr|A0A1S8VT78|A0A1S8VT78_9FUNG	47.06	85	26	1	1907	1653	40	105	2e-145	87.8
SeLEV6574_g00161	tr|A0A1S8VT78|A0A1S8VT78_9FUNG	78.57	14	3	0	2062	2021	12	25	2e-145	30.4
SeLEV6574_g00164	tr|A0A1Y1YQA1|A0A1Y1YQA1_9FUNG	64.00	50	18	0	730	879	133	182	4e-49	73.6
SeLEV6574_g00164	tr|A0A1Y1YQA1|A0A1Y1YQA1_9FUNG	38.05	113	41	2	1101	1430	220	306	4e-49	70.1
SeLEV6574_g00164	tr|A0A1Y1YQA1|A0A1Y1YQA1_9FUNG	58.97	39	16	0	204	320	17	55	4e-49	59.3
SeLEV6574_g00164	tr|A0A1Y1YQA1|A0A1Y1YQA1_9FUNG	48.28	58	30	0	509	682	79	136	4e-49	39.7
SeLEV6574_g00164	tr|A0A1Y1YQA1|A0A1Y1YQA1_9FUNG	41.86	43	22	1	935	1054	181	223	4e-49	37.7
SeLEV6574_g00164	tr|A0A1Y1YQA1|A0A1Y1YQA1_9FUNG	33.33	27	18	0	376	456	54	80	4e-49	26.9
SeLEV6574_g00165	tr|A0A1Y2CQU6|A0A1Y2CQU6_9FUNG	45.19	104	47	1	380	99	21	124	3e-23	100
SeLEV6574_g00148	tr|A0A261Y564|A0A261Y564_9FUNG	34.36	489	267	9	3300	4763	995	1430	9e-134	250
SeLEV6574_g00148	tr|A0A261Y564|A0A261Y564_9FUNG	36.33	267	115	8	5279	6034	1546	1772	9e-134	170
SeLEV6574_g00148	tr|A0A261Y564|A0A261Y564_9FUNG	46.43	112	59	1	4861	5193	1436	1547	9e-134	74.7
SeLEV6574_g00148	tr|A0A261Y564|A0A261Y564_9FUNG	28.98	176	75	6	2762	3268	869	1001	9e-134	58.2
SeLEV6574_g00149	tr|A0A1Y1XC77|A0A1Y1XC77_9FUNG	48.26	259	55	5	780	4	1	180	5e-70	226
SeLEV6574_g00146	tr|A0A2H5SY26|A0A2H5SY26_RHIID	78.38	74	16	0	449	670	60	133	9e-85	133
SeLEV6574_g00146	tr|A0A2H5SY26|A0A2H5SY26_RHIID	41.56	154	50	2	739	1200	135	248	9e-85	120
SeLEV6574_g00146	tr|A0A2H5SY26|A0A2H5SY26_RHIID	64.56	79	28	0	1263	1499	247	325	9e-85	112
SeLEV6574_g00147	tr|A0A0L0H5F0|A0A0L0H5F0_SPIPN	51.82	110	26	1	1233	1562	249	331	1e-72	114
SeLEV6574_g00147	tr|A0A0L0H5F0|A0A0L0H5F0_SPIPN	50.53	95	23	1	866	1150	175	245	1e-72	96.3
SeLEV6574_g00147	tr|A0A0L0H5F0|A0A0L0H5F0_SPIPN	43.94	66	16	1	179	376	39	83	1e-72	55.5
SeLEV6574_g00147	tr|A0A0L0H5F0|A0A0L0H5F0_SPIPN	41.56	77	36	2	423	653	79	146	1e-72	51.2
SeLEV6574_g00147	tr|A0A0L0H5F0|A0A0L0H5F0_SPIPN	72.41	29	8	0	712	798	147	175	1e-72	48.9
SeLEV6574_g00147	tr|A0A0L0H5F0|A0A0L0H5F0_SPIPN	48.18	110	30	1	1233	1562	147	229	6e-20	101
SeLEV6574_g00147	tr|A0A0L0H5F0|A0A0L0H5F0_SPIPN	43.42	76	19	1	869	1096	278	329	1e-14	66.2
SeLEV6574_g00147	tr|A0A0L0H5F0|A0A0L0H5F0_SPIPN	60.87	23	9	0	712	780	249	271	1e-14	37.7
SeLEV6574_g00147	tr|A0A0L0H5F0|A0A0L0H5F0_SPIPN	50.00	20	10	0	594	653	229	248	1e-14	25.4
SeLEV6574_g00144	tr|A0A1S8WA33|A0A1S8WA33_9FUNG	46.07	903	397	18	232	2772	153	1021	0.0	765
SeLEV6574_g00145	tr|A0A1Y1XX91|A0A1Y1XX91_9FUNG	32.32	164	70	6	872	426	162	299	3e-14	85.5
SeLEV6574_g00142	tr|A0A0L0H6F4|A0A0L0H6F4_SPIPN	66.23	151	51	0	588	1040	134	284	7e-91	193
SeLEV6574_g00142	tr|A0A0L0H6F4|A0A0L0H6F4_SPIPN	53.46	159	44	2	16	486	3	133	7e-91	172
SeLEV6574_g00143	tr|A0A066WEC5|A0A066WEC5_9BASI	63.64	33	11	1	375	473	11	42	1e-07	41.6
SeLEV6574_g00143	tr|A0A066WEC5|A0A066WEC5_9BASI	40.00	50	10	1	593	742	43	72	1e-07	33.1
SeLEV6574_g00143	tr|A0A066WEC5|A0A066WEC5_9BASI	54.17	24	11	0	796	867	73	96	1e-07	30.4
SeLEV6574_g00140	tr|A0A0L0HQT2|A0A0L0HQT2_SPIPN	86.84	38	5	0	300	187	86	123	5e-41	76.6
SeLEV6574_g00140	tr|A0A0L0HQT2|A0A0L0HQT2_SPIPN	80.00	40	8	0	527	408	49	88	5e-41	71.6
SeLEV6574_g00140	tr|A0A0L0HQT2|A0A0L0HQT2_SPIPN	64.41	59	4	1	795	619	7	48	5e-41	70.1
SeLEV6574_g00141	tr|A0A0L0HPI8|A0A0L0HPI8_SPIPN	49.70	165	37	2	788	294	128	246	3e-71	137
SeLEV6574_g00141	tr|A0A0L0HPI8|A0A0L0HPI8_SPIPN	67.35	49	16	0	987	841	81	129	3e-71	73.2
SeLEV6574_g00141	tr|A0A0L0HPI8|A0A0L0HPI8_SPIPN	35.06	77	19	1	1451	1221	3	48	3e-71	48.5
SeLEV6574_g00141	tr|A0A0L0HPI8|A0A0L0HPI8_SPIPN	77.42	31	7	0	1144	1052	50	80	3e-71	48.1
SeLEV6574_g00141	tr|A0A0L0HPI8|A0A0L0HPI8_SPIPN	87.50	24	3	0	241	170	245	268	3e-71	45.8
SeLEV6574_g00141	tr|A0A0L0HPI8|A0A0L0HPI8_SPIPN	51.85	27	13	0	108	28	267	293	3e-71	29.6
SeLEV6574_g00125	tr|A0A1Y1V1H8|A0A1Y1V1H8_9FUNG	38.51	335	106	6	2034	1039	86	323	3e-61	226
SeLEV6574_g00125	tr|A0A1Y1V1H8|A0A1Y1V1H8_9FUNG	40.38	52	31	0	2456	2301	12	63	0.001	53.9
SeLEV6574_g00126	tr|A0A0L0HP39|A0A0L0HP39_SPIPN	44.09	93	31	1	1607	1329	126	197	2e-59	83.6
SeLEV6574_g00126	tr|A0A0L0HP39|A0A0L0HP39_SPIPN	37.21	129	70	4	851	492	281	407	2e-59	77.4
SeLEV6574_g00126	tr|A0A0L0HP39|A0A0L0HP39_SPIPN	50.82	61	29	1	1090	911	225	285	2e-59	63.2
SeLEV6574_g00126	tr|A0A0L0HP39|A0A0L0HP39_SPIPN	33.57	143	57	3	429	13	407	515	2e-59	62.0
SeLEV6574_g00126	tr|A0A0L0HP39|A0A0L0HP39_SPIPN	50.00	32	16	0	1236	1141	201	232	2e-59	35.8
SeLEV6574_g00127	tr|A0A0L0HLE9|A0A0L0HLE9_SPIPN	53.80	461	166	5	16	1389	20	436	2e-145	441
SeLEV6574_g00120	tr|A0A0L0HG00|A0A0L0HG00_SPIPN	23.93	234	142	7	4350	3691	720	931	1e-38	68.2
SeLEV6574_g00120	tr|A0A0L0HG00|A0A0L0HG00_SPIPN	29.55	132	67	2	4787	4407	609	719	1e-38	59.3
SeLEV6574_g00120	tr|A0A0L0HG00|A0A0L0HG00_SPIPN	24.32	185	100	5	5675	5151	364	518	1e-38	58.9
SeLEV6574_g00120	tr|A0A0L0HG00|A0A0L0HG00_SPIPN	29.69	64	44	1	5076	4888	526	589	1e-38	38.9
SeLEV6574_g00120	tr|A0A0L0HG00|A0A0L0HG00_SPIPN	20.67	150	90	4	3644	3279	927	1075	1e-38	28.1
SeLEV6574_g00120	tr|A0A0L0HG00|A0A0L0HG00_SPIPN	29.67	273	114	5	2997	2191	1102	1300	3e-29	113
SeLEV6574_g00120	tr|A0A0L0HG00|A0A0L0HG00_SPIPN	28.12	64	46	0	1962	1771	1340	1403	3e-29	40.4
SeLEV6574_g00120	tr|A0A0L0HG00|A0A0L0HG00_SPIPN	68.75	16	5	0	2114	2067	1307	1322	3e-29	28.1
SeLEV6574_g00121	tr|A0A0L0H9I5|A0A0L0H9I5_SPIPN	35.23	88	57	0	850	587	334	421	1e-24	62.0
SeLEV6574_g00121	tr|A0A0L0H9I5|A0A0L0H9I5_SPIPN	60.47	43	17	0	540	412	420	462	1e-24	58.5
SeLEV6574_g00121	tr|A0A0L0H9I5|A0A0L0H9I5_SPIPN	29.23	130	45	4	1280	912	244	333	1e-24	43.9
SeLEV6574_g00122	tr|A0A1Y2BUH4|A0A1Y2BUH4_9FUNG	40.23	348	119	6	1389	349	227	486	1e-66	222
SeLEV6574_g00122	tr|A0A1Y2BUH4|A0A1Y2BUH4_9FUNG	64.52	31	11	0	1540	1448	199	229	1e-66	44.3
SeLEV6574_g00122	tr|A0A1Y2BUH4|A0A1Y2BUH4_9FUNG	42.86	35	20	0	1857	1753	140	174	1e-66	34.3
SeLEV6574_g00122	tr|A0A1Y2BUH4|A0A1Y2BUH4_9FUNG	43.33	30	17	0	1706	1617	168	197	1e-66	26.2
SeLEV6574_g00123	tr|A0A1Y2B061|A0A1Y2B061_9FUNG	34.64	433	205	11	3263	4552	1032	1389	2e-41	172
SeLEV6574_g00123	tr|A0A1Y2B061|A0A1Y2B061_9FUNG	36.84	38	24	0	4605	4718	1386	1423	2e-41	29.3
SeLEV6574_g00123	tr|A0A1Y2B061|A0A1Y2B061_9FUNG	35.97	278	149	6	905	1693	260	523	4e-32	149
SeLEV6574_g00123	tr|A0A1Y2B061|A0A1Y2B061_9FUNG	50.57	87	42	1	239	496	107	193	1e-15	93.2
SeLEV6574_g00123	tr|A0A1Y2B061|A0A1Y2B061_9FUNG	58.33	12	5	0	109	144	95	106	1e-15	22.3
SeLEV6574_g00123	tr|A0A1Y2B061|A0A1Y2B061_9FUNG	35.34	116	67	4	2465	2794	758	871	3e-04	57.8
SeLEV6574_g00128	tr|A0A2Z6SEA2|A0A2Z6SEA2_9GLOM	75.96	104	25	0	112	423	9	112	2e-45	168
SeLEV6574_g00108	tr|A0A179HFQ0|A0A179HFQ0_9HYPO	46.03	302	86	8	1537	644	219	447	1e-110	237
SeLEV6574_g00108	tr|A0A179HFQ0|A0A179HFQ0_9HYPO	71.21	66	19	0	1818	1621	155	220	1e-110	107
SeLEV6574_g00108	tr|A0A179HFQ0|A0A179HFQ0_9HYPO	63.83	47	17	0	2268	2128	75	121	1e-110	67.0
SeLEV6574_g00108	tr|A0A179HFQ0|A0A179HFQ0_9HYPO	59.26	27	11	0	579	499	448	474	1e-110	42.4
SeLEV6574_g00108	tr|A0A179HFQ0|A0A179HFQ0_9HYPO	38.98	59	12	1	2083	1907	116	150	1e-110	41.6
SeLEV6574_g00109	tr|A0A1Y1X1X9|A0A1Y1X1X9_9FUNG	66.95	118	39	0	2328	1975	280	397	4e-84	175
SeLEV6574_g00109	tr|A0A1Y1X1X9|A0A1Y1X1X9_9FUNG	43.08	130	30	2	3555	3166	9	94	4e-84	118
SeLEV6574_g00109	tr|A0A1Y1X1X9|A0A1Y1X1X9_9FUNG	26.61	248	118	6	3115	2390	91	280	4e-84	72.0
SeLEV6574_g00109	tr|A0A1Y1X1X9|A0A1Y1X1X9_9FUNG	30.08	133	82	3	1122	754	511	642	2e-20	72.0
SeLEV6574_g00109	tr|A0A1Y1X1X9|A0A1Y1X1X9_9FUNG	31.86	113	53	1	1555	1217	421	509	2e-20	58.9
SeLEV6574_g00109	tr|A0A1Y1X1X9|A0A1Y1X1X9_9FUNG	69.23	39	12	0	1700	1584	398	436	9e-07	65.1
SeLEV6574_g00103	tr|A0A0L0HQR3|A0A0L0HQR3_SPIPN	41.10	163	59	4	492	25	308	440	2e-25	120
SeLEV6574_g00103	tr|A0A0L0HQR3|A0A0L0HQR3_SPIPN	28.84	319	96	9	2135	1212	1	199	3e-20	105
SeLEV6574_g00101	tr|A0A058ZDZ0|A0A058ZDZ0_9EUKA	30.05	426	193	17	216	1370	1563	1924	1e-27	124
SeLEV6574_g00101	tr|A0A058ZDZ0|A0A058ZDZ0_9EUKA	36.54	52	32	1	1430	1582	1925	1976	1e-27	30.0
SeLEV6574_g00106	tr|A0A0L0H7U7|A0A0L0H7U7_SPIPN	44.79	96	53	0	207	494	60	155	7e-23	105
SeLEV6574_g00106	tr|A0A0L0H7U7|A0A0L0H7U7_SPIPN	33.33	57	24	2	547	717	156	198	7e-23	31.6
SeLEV6574_g00104	tr|A0A163AES5|A0A163AES5_PHYB8	53.28	122	35	3	222	587	295	394	4e-34	125
SeLEV6574_g00104	tr|A0A163AES5|A0A163AES5_PHYB8	58.62	29	12	0	80	166	273	301	4e-34	46.6
SeLEV6574_g00105	tr|F4NS50|F4NS50_BATDJ	86.67	45	6	0	498	364	60	104	3e-53	89.0
SeLEV6574_g00105	tr|F4NS50|F4NS50_BATDJ	69.77	43	13	0	132	4	143	185	3e-53	65.5
SeLEV6574_g00105	tr|F4NS50|F4NS50_BATDJ	81.08	37	7	0	674	564	23	59	3e-53	63.5
SeLEV6574_g00105	tr|F4NS50|F4NS50_BATDJ	62.16	37	11	1	275	174	115	151	3e-53	45.4
SeLEV6574_g00105	tr|F4NS50|F4NS50_BATDJ	72.73	22	6	0	825	760	1	22	3e-53	36.6
SeLEV6574_g00088	tr|A0A1Y2HIK5|A0A1Y2HIK5_9FUNG	32.64	144	78	3	1742	2116	157	300	3e-32	94.4
SeLEV6574_g00088	tr|A0A1Y2HIK5|A0A1Y2HIK5_9FUNG	29.69	128	70	2	1137	1520	21	128	3e-32	65.5
SeLEV6574_g00088	tr|A0A1Y2HIK5|A0A1Y2HIK5_9FUNG	45.95	37	15	1	1609	1719	133	164	3e-32	30.8
SeLEV6574_g00087	tr|A0A177WKF8|A0A177WKF8_BATDE	43.17	271	134	2	2199	1387	1746	1996	1e-123	223
SeLEV6574_g00087	tr|A0A177WKF8|A0A177WKF8_BATDE	37.33	225	101	2	3270	2596	1475	1659	1e-123	154
SeLEV6574_g00087	tr|A0A177WKF8|A0A177WKF8_BATDE	33.64	107	46	1	3658	3338	1393	1474	1e-123	62.8
SeLEV6574_g00087	tr|A0A177WKF8|A0A177WKF8_BATDE	45.61	57	31	0	1303	1133	2002	2058	1e-123	62.4
SeLEV6574_g00087	tr|A0A177WKF8|A0A177WKF8_BATDE	36.36	66	37	2	2503	2321	1662	1727	1e-123	37.7
SeLEV6574_g00087	tr|A0A177WKF8|A0A177WKF8_BATDE	36.81	144	91	0	895	464	2089	2232	2e-14	91.7
SeLEV6574_g00230	tr|A0A1Y2AG59|A0A1Y2AG59_9FUNG	63.87	119	42	1	280	636	3	120	7e-44	157
SeLEV6574_g00231	tr|A0A1B6F6X9|A0A1B6F6X9_9HEMI	44.12	136	14	4	557	153	83	157	4e-35	87.4
SeLEV6574_g00231	tr|A0A1B6F6X9|A0A1B6F6X9_9HEMI	35.20	125	14	3	994	620	25	82	4e-35	65.5
SeLEV6574_g00231	tr|A0A1B6F6X9|A0A1B6F6X9_9HEMI	63.33	30	11	0	93	4	157	186	4e-35	46.2
SeLEV6574_g00232	tr|A0A1V1TK52|A0A1V1TK52_9FUNG	44.14	145	79	2	2721	2287	6	148	1e-70	125
SeLEV6574_g00232	tr|A0A1V1TK52|A0A1V1TK52_9FUNG	37.50	112	48	2	2219	1884	148	237	1e-70	88.2
SeLEV6574_g00232	tr|A0A1V1TK52|A0A1V1TK52_9FUNG	29.75	121	37	2	1819	1457	233	305	1e-70	56.2
SeLEV6574_g00232	tr|A0A1V1TK52|A0A1V1TK52_9FUNG	42.19	64	37	0	1102	911	384	447	1e-70	52.8
SeLEV6574_g00232	tr|A0A1V1TK52|A0A1V1TK52_9FUNG	33.85	65	41	1	1338	1150	323	387	1e-70	38.1
SeLEV6574_g00233	tr|A0A0L0HUY9|A0A0L0HUY9_SPIPN	36.34	952	498	19	4687	2021	490	1396	0.0	528
SeLEV6574_g00233	tr|A0A0L0HUY9|A0A0L0HUY9_SPIPN	45.80	262	124	5	5495	4743	236	490	0.0	221
SeLEV6574_g00233	tr|A0A0L0HUY9|A0A0L0HUY9_SPIPN	58.24	261	75	4	786	4	1714	1940	4e-168	249
SeLEV6574_g00233	tr|A0A0L0HUY9|A0A0L0HUY9_SPIPN	68.48	92	29	0	1721	1446	1459	1550	4e-168	142
SeLEV6574_g00233	tr|A0A0L0HUY9|A0A0L0HUY9_SPIPN	79.31	58	12	0	1380	1207	1552	1609	4e-168	100
SeLEV6574_g00233	tr|A0A0L0HUY9|A0A0L0HUY9_SPIPN	45.79	107	54	2	1145	837	1610	1716	4e-168	99.4
SeLEV6574_g00233	tr|A0A0L0HUY9|A0A0L0HUY9_SPIPN	53.33	75	35	0	1995	1771	1385	1459	4e-168	97.8
SeLEV6574_g00233	tr|A0A0L0HUY9|A0A0L0HUY9_SPIPN	47.69	195	54	3	6504	5935	5	156	9e-31	145
SeLEV6574_g00234	tr|A0A1Y2AG59|A0A1Y2AG59_9FUNG	63.87	119	42	1	479	123	3	120	7e-44	157
SeLEV6574_g00235	tr|A0A0L0H8K4|A0A0L0H8K4_SPIPN	69.81	159	46	1	833	1309	90	246	4e-86	198
SeLEV6574_g00235	tr|A0A0L0H8K4|A0A0L0H8K4_SPIPN	83.56	73	12	0	565	783	25	97	4e-86	132
SeLEV6574_g00235	tr|A0A0L0H8K4|A0A0L0H8K4_SPIPN	45.28	53	29	0	1395	1553	248	300	4e-86	40.4
SeLEV6574_g00218	tr|A0A139AX45|A0A139AX45_GONPR	38.33	287	134	2	3018	2158	502	745	2e-125	197
SeLEV6574_g00218	tr|A0A139AX45|A0A139AX45_GONPR	68.92	74	23	0	587	366	1085	1158	2e-125	118
SeLEV6574_g00218	tr|A0A139AX45|A0A139AX45_GONPR	68.42	76	24	0	268	41	1169	1244	2e-125	114
SeLEV6574_g00218	tr|A0A139AX45|A0A139AX45_GONPR	27.86	280	133	7	1929	1090	781	991	2e-125	73.6
SeLEV6574_g00218	tr|A0A139AX45|A0A139AX45_GONPR	27.66	47	34	0	980	840	1003	1049	2e-125	32.3
SeLEV6574_g00218	tr|A0A139AX45|A0A139AX45_GONPR	40.62	32	19	0	772	677	1050	1081	2e-125	26.9
SeLEV6574_g00218	tr|A0A139AX45|A0A139AX45_GONPR	39.39	33	20	0	2092	1994	747	779	2e-125	25.0
SeLEV6574_g00218	tr|A0A139AX45|A0A139AX45_GONPR	49.43	87	21	1	4748	4488	126	189	2e-25	83.2
SeLEV6574_g00218	tr|A0A139AX45|A0A139AX45_GONPR	57.14	49	21	0	4410	4264	190	238	2e-25	58.2
SeLEV6574_g00218	tr|A0A139AX45|A0A139AX45_GONPR	22.86	35	27	0	4166	4062	250	284	2e-25	26.9
SeLEV6574_g00218	tr|A0A139AX45|A0A139AX45_GONPR	54.24	59	24	2	5232	5056	26	81	1e-04	58.9
SeLEV6574_g00219	tr|A0A0L0HPF0|A0A0L0HPF0_SPIPN	65.52	58	20	0	4	177	57	114	2e-12	72.8
SeLEV6574_g00216	tr|A0A0L0HH14|A0A0L0HH14_SPIPN	25.74	202	125	4	1377	1970	340	520	8e-22	87.8
SeLEV6574_g00216	tr|A0A0L0HH14|A0A0L0HH14_SPIPN	42.86	56	31	1	1114	1278	269	324	8e-22	42.0
SeLEV6574_g00216	tr|A0A0L0HH14|A0A0L0HH14_SPIPN	38.24	34	20	1	926	1027	205	237	8e-22	25.0
SeLEV6574_g00217	tr|A0A397V3X1|A0A397V3X1_9GLOM	67.70	226	69	1	24	689	27	252	7e-109	327
SeLEV6574_g00214	tr|I1BIR5|I1BIR5_RHIO9	40.30	67	40	0	1770	1970	13	79	2e-05	56.6
SeLEV6574_g00215	tr|A0A1V9YH61|A0A1V9YH61_9STRA	38.32	107	39	2	321	4	62	142	4e-24	72.8
SeLEV6574_g00215	tr|A0A1V9YH61|A0A1V9YH61_9STRA	58.82	51	20	1	595	443	18	67	4e-24	67.4
SeLEV6574_g00213	tr|A0A1Y2GNY3|A0A1Y2GNY3_9FUNG	50.91	55	27	0	453	617	94	148	5e-24	63.2
SeLEV6574_g00213	tr|A0A1Y2GNY3|A0A1Y2GNY3_9FUNG	35.62	73	43	1	169	387	27	95	5e-24	52.4
SeLEV6574_g00213	tr|A0A1Y2GNY3|A0A1Y2GNY3_9FUNG	67.74	31	10	0	656	748	142	172	5e-24	44.3
SeLEV6574_g00210	tr|A0A0L0HF51|A0A0L0HF51_SPIPN	66.46	164	55	0	1537	2028	505	668	4e-103	236
SeLEV6574_g00210	tr|A0A0L0HF51|A0A0L0HF51_SPIPN	39.51	243	119	6	2102	2797	669	894	4e-103	171
SeLEV6574_g00210	tr|A0A0L0HF51|A0A0L0HF51_SPIPN	51.06	47	23	0	3680	3820	1131	1177	2e-31	73.6
SeLEV6574_g00210	tr|A0A0L0HF51|A0A0L0HF51_SPIPN	40.96	83	23	2	4495	4743	1401	1457	2e-31	62.8
SeLEV6574_g00210	tr|A0A0L0HF51|A0A0L0HF51_SPIPN	30.64	235	109	11	3891	4448	1179	1408	2e-31	52.8
SeLEV6574_g00210	tr|A0A0L0HF51|A0A0L0HF51_SPIPN	32.89	76	43	1	445	648	183	258	4e-04	57.0
SeLEV6574_g00211	tr|A0A0L0HMH4|A0A0L0HMH4_SPIPN	57.45	47	16	1	5	145	242	284	5e-07	57.8
SeLEV6574_g00195	tr|A0A0L0HLP2|A0A0L0HLP2_SPIPN	32.30	226	73	6	3001	3669	219	367	2e-20	107
SeLEV6574_g00197	tr|A0A1S8W8J1|A0A1S8W8J1_9FUNG	31.31	297	109	7	4108	3236	124	331	1e-40	135
SeLEV6574_g00197	tr|A0A1S8W8J1|A0A1S8W8J1_9FUNG	36.51	63	31	2	4323	4162	62	124	1e-40	43.5
SeLEV6574_g00197	tr|A0A1S8W8J1|A0A1S8W8J1_9FUNG	31.71	123	77	3	3161	2799	338	455	1e-40	40.4
SeLEV6574_g00196	tr|A0A0C3S9R2|A0A0C3S9R2_PHLGI	26.58	316	176	12	1354	434	44	312	9e-21	76.6
SeLEV6574_g00196	tr|A0A0C3S9R2|A0A0C3S9R2_PHLGI	30.70	114	55	3	342	7	323	414	9e-21	53.9
SeLEV6574_g00191	tr|B2AWC8|B2AWC8_PODAN	63.73	102	37	0	640	945	147	248	1e-60	122
SeLEV6574_g00191	tr|B2AWC8|B2AWC8_PODAN	61.11	72	28	0	351	566	79	150	1e-60	75.9
SeLEV6574_g00191	tr|B2AWC8|B2AWC8_PODAN	36.26	91	48	4	7	276	2	83	1e-60	54.7
SeLEV6574_g00191	tr|B2AWC8|B2AWC8_PODAN	51.06	47	23	0	989	1129	244	290	1e-60	52.0
SeLEV6574_g00190	tr|A0A0L0HFB2|A0A0L0HFB2_SPIPN	40.26	308	94	9	1065	160	16	239	1e-41	160
SeLEV6574_g00193	tr|A0A0A1MZK3|A0A0A1MZK3_9FUNG	35.11	94	55	3	692	973	83	170	7e-05	55.8
SeLEV6574_g00192	tr|A0A0L0HD40|A0A0L0HD40_SPIPN	66.67	129	25	1	2085	2471	454	564	2e-130	171
SeLEV6574_g00192	tr|A0A0L0HD40|A0A0L0HD40_SPIPN	44.17	206	72	4	1247	1864	266	428	2e-130	155
SeLEV6574_g00192	tr|A0A0L0HD40|A0A0L0HD40_SPIPN	56.00	75	32	1	2561	2782	564	638	2e-130	95.1
SeLEV6574_g00192	tr|A0A0L0HD40|A0A0L0HD40_SPIPN	81.13	53	10	0	1024	1182	212	264	2e-130	92.0
SeLEV6574_g00192	tr|A0A0L0HD40|A0A0L0HD40_SPIPN	85.00	20	3	0	1930	1989	428	447	2e-130	47.8
SeLEV6574_g00192	tr|A0A0L0HD40|A0A0L0HD40_SPIPN	78.95	38	8	0	1471	1584	319	356	6e-09	71.2
SeLEV6574_g00192	tr|A0A0L0HD40|A0A0L0HD40_SPIPN	57.50	40	17	0	2851	2970	610	649	2e-04	57.0
SeLEV6574_g00199	tr|A0A1Y2GC54|A0A1Y2GC54_9FUNG	65.00	60	21	0	1	180	1	60	8e-17	85.1
SeLEV6574_g00198	tr|A0A0L0HUH1|A0A0L0HUH1_SPIPN	56.00	100	43	1	465	764	118	216	2e-84	120
SeLEV6574_g00198	tr|A0A0L0HUH1|A0A0L0HUH1_SPIPN	34.23	111	65	1	101	409	9	119	2e-84	77.8
SeLEV6574_g00198	tr|A0A0L0HUH1|A0A0L0HUH1_SPIPN	59.26	54	21	1	1628	1789	405	457	2e-84	70.9
SeLEV6574_g00198	tr|A0A0L0HUH1|A0A0L0HUH1_SPIPN	46.03	63	34	0	829	1017	216	278	2e-84	65.1
SeLEV6574_g00198	tr|A0A0L0HUH1|A0A0L0HUH1_SPIPN	63.64	33	12	0	1239	1337	308	340	2e-84	52.4
SeLEV6574_g00198	tr|A0A0L0HUH1|A0A0L0HUH1_SPIPN	46.88	32	17	0	1456	1551	367	398	2e-84	37.7
SeLEV6574_g00198	tr|A0A0L0HUH1|A0A0L0HUH1_SPIPN	53.85	13	6	0	1079	1117	278	290	2e-84	23.1
SeLEV6574_g00179	tr|A0A0L0H6G5|A0A0L0H6G5_SPIPN	57.45	47	20	0	156	16	52	98	1e-11	57.8
SeLEV6574_g00179	tr|A0A0L0H6G5|A0A0L0H6G5_SPIPN	69.57	23	7	0	298	230	27	49	1e-11	38.9
SeLEV6574_g00178	tr|A0A0L0HLA1|A0A0L0HLA1_SPIPN	34.37	323	76	7	16	984	2	188	1e-86	157
SeLEV6574_g00178	tr|A0A0L0HLA1|A0A0L0HLA1_SPIPN	61.54	78	30	0	1047	1280	183	260	1e-86	110
SeLEV6574_g00178	tr|A0A0L0HLA1|A0A0L0HLA1_SPIPN	78.18	55	12	0	1354	1518	260	314	1e-86	104
SeLEV6574_g00172	tr|A0A177WT14|A0A177WT14_BATDE	39.76	83	46	2	306	61	60	139	5e-09	66.2
SeLEV6574_g00171	tr|A0A1X2GFI4|A0A1X2GFI4_9FUNG	34.32	370	153	8	1789	716	52	343	2e-41	141
SeLEV6574_g00171	tr|A0A1X2GFI4|A0A1X2GFI4_9FUNG	48.57	35	18	0	597	493	384	418	2e-41	41.2
SeLEV6574_g00171	tr|A0A1X2GFI4|A0A1X2GFI4_9FUNG	37.93	58	34	1	419	246	417	472	2e-41	38.1
SeLEV6574_g00170	tr|A0A1Y1Y1H0|A0A1Y1Y1H0_9FUNG	73.53	68	18	0	888	1091	121	188	1e-100	119
SeLEV6574_g00170	tr|A0A1Y1Y1H0|A0A1Y1Y1H0_9FUNG	69.33	75	23	0	1156	1380	190	264	1e-100	114
SeLEV6574_g00170	tr|A0A1Y1Y1H0|A0A1Y1Y1H0_9FUNG	81.67	60	11	0	467	646	28	87	1e-100	112
SeLEV6574_g00170	tr|A0A1Y1Y1H0|A0A1Y1Y1H0_9FUNG	88.89	27	3	0	310	390	1	27	1e-100	57.4
SeLEV6574_g00170	tr|A0A1Y1Y1H0|A0A1Y1Y1H0_9FUNG	75.76	33	8	0	715	813	87	119	1e-100	57.4
SeLEV6574_g00177	tr|A0A1Y2BV89|A0A1Y2BV89_9FUNG	51.85	162	26	2	324	809	22	131	3e-19	85.1
SeLEV6574_g00177	tr|A0A1Y2BV89|A0A1Y2BV89_9FUNG	90.48	21	2	0	866	928	128	148	3e-19	34.7
SeLEV6574_g00177	tr|A0A1Y2BV89|A0A1Y2BV89_9FUNG	76.47	17	3	1	985	1032	148	164	3e-19	24.6
SeLEV6574_g00176	tr|A0A1Y2D1W9|A0A1Y2D1W9_9FUNG	56.01	691	262	6	3866	1809	1	654	0.0	842
SeLEV6574_g00176	tr|A0A1Y2D1W9|A0A1Y2D1W9_9FUNG	37.65	571	295	8	1728	16	652	1161	0.0	408
SeLEV6574_g00175	tr|A0A0L0HHF2|A0A0L0HHF2_SPIPN	36.80	250	119	5	435	1136	96	322	1e-45	173
SeLEV6574_g00175	tr|A0A0L0HHF2|A0A0L0HHF2_SPIPN	44.64	56	20	2	1222	1389	328	372	1e-45	40.8
SeLEV6574_g00175	tr|A0A0L0HHF2|A0A0L0HHF2_SPIPN	42.53	87	28	2	1572	1832	392	456	5e-09	70.1
SeLEV6574_g00174	tr|A0A177WV32|A0A177WV32_BATDE	50.94	159	76	1	1033	563	278	436	6e-79	155
SeLEV6574_g00174	tr|A0A177WV32|A0A177WV32_BATDE	43.48	92	31	1	2038	1763	87	157	6e-79	79.3
SeLEV6574_g00174	tr|A0A177WV32|A0A177WV32_BATDE	26.25	160	93	4	522	49	432	568	6e-79	66.2
SeLEV6574_g00174	tr|A0A177WV32|A0A177WV32_BATDE	42.22	45	22	1	1691	1569	159	203	6e-79	45.4
SeLEV6574_g00174	tr|A0A177WV32|A0A177WV32_BATDE	34.48	58	29	1	1462	1289	201	249	6e-79	36.2
SeLEV6574_g00174	tr|A0A177WV32|A0A177WV32_BATDE	63.16	19	7	0	1172	1116	259	277	6e-79	26.6
SeLEV6574_g00229	tr|A0A0L0H8K4|A0A0L0H8K4_SPIPN	69.81	159	46	1	788	312	90	246	4e-86	198
SeLEV6574_g00229	tr|A0A0L0H8K4|A0A0L0H8K4_SPIPN	83.56	73	12	0	1056	838	25	97	4e-86	132
SeLEV6574_g00229	tr|A0A0L0H8K4|A0A0L0H8K4_SPIPN	45.28	53	29	0	226	68	248	300	4e-86	40.4
SeLEV6574_g00228	tr|A0A1Y2AG59|A0A1Y2AG59_9FUNG	63.87	119	42	1	280	636	3	120	7e-44	157
SeLEV6574_g00223	tr|A0A0L0HT98|A0A0L0HT98_SPIPN	50.65	77	35	2	1513	1740	307	381	2e-34	89.7
SeLEV6574_g00223	tr|A0A0L0HT98|A0A0L0HT98_SPIPN	58.75	80	33	0	1799	2038	382	461	2e-34	87.4
SeLEV6574_g00222	tr|A0A0L0HEX4|A0A0L0HEX4_SPIPN	45.19	135	52	1	264	668	30	142	1e-44	114
SeLEV6574_g00222	tr|A0A0L0HEX4|A0A0L0HEX4_SPIPN	57.75	71	30	0	758	970	151	221	1e-44	95.5
SeLEV6574_g00221	tr|A0A0L0HFE4|A0A0L0HFE4_SPIPN	56.82	132	6	1	512	117	2	82	4e-35	131
SeLEV6574_g00220	tr|A0A0L0H8A9|A0A0L0H8A9_SPIPN	50.89	112	33	2	342	16	467	559	2e-25	122
SeLEV6574_g00227	tr|A0A0L0H8K4|A0A0L0H8K4_SPIPN	69.81	159	46	1	788	312	90	246	4e-86	198
SeLEV6574_g00227	tr|A0A0L0H8K4|A0A0L0H8K4_SPIPN	83.56	73	12	0	1056	838	25	97	4e-86	132
SeLEV6574_g00227	tr|A0A0L0H8K4|A0A0L0H8K4_SPIPN	45.28	53	29	0	226	68	248	300	4e-86	40.4
SeLEV6574_g00226	tr|A0A1Y1Z538|A0A1Y1Z538_9FUNG	46.02	176	95	0	672	1199	16	191	6e-46	175
SeLEV6574_g00225	tr|A0A0L0HN16|A0A0L0HN16_SPIPN	32.85	137	41	3	1223	819	1	88	3e-13	61.6
SeLEV6574_g00225	tr|A0A0L0HN16|A0A0L0HN16_SPIPN	24.59	122	52	3	753	388	90	171	3e-13	43.5
SeLEV6574_g00201	tr|A0A177WPX4|A0A177WPX4_BATDE	55.07	296	103	4	912	1781	91	362	1e-110	308
SeLEV6574_g00201	tr|A0A177WPX4|A0A177WPX4_BATDE	58.24	91	38	0	1862	2134	364	454	1e-110	121
SeLEV6574_g00201	tr|A0A177WPX4|A0A177WPX4_BATDE	69.23	13	4	0	2206	2244	455	467	1e-110	22.7
SeLEV6574_g00201	tr|A0A177WPX4|A0A177WPX4_BATDE	35.79	95	47	2	443	709	6	92	4e-06	61.6
SeLEV6574_g00200	tr|A0A0L0HMP3|A0A0L0HMP3_SPIPN	44.56	386	81	9	1173	16	54	306	9e-93	296
SeLEV6574_g00200	tr|A0A0L0HMP3|A0A0L0HMP3_SPIPN	72.34	47	13	0	1349	1209	14	60	1e-09	70.5
SeLEV6574_g00203	tr|A0A1S8VJC3|A0A1S8VJC3_9FUNG	48.41	252	69	3	936	1691	218	408	2e-80	226
SeLEV6574_g00203	tr|A0A1S8VJC3|A0A1S8VJC3_9FUNG	31.15	122	77	3	1771	2115	415	536	2e-80	64.7
SeLEV6574_g00203	tr|A0A1S8VJC3|A0A1S8VJC3_9FUNG	30.99	171	87	7	385	870	69	217	2e-80	45.4
SeLEV6574_g00203	tr|A0A1S8VJC3|A0A1S8VJC3_9FUNG	34.69	49	29	2	144	284	23	70	2e-80	36.6
SeLEV6574_g00202	tr|A0A0L0HNC3|A0A0L0HNC3_SPIPN	47.87	211	79	3	1137	517	329	512	2e-81	176
SeLEV6574_g00202	tr|A0A0L0HNC3|A0A0L0HNC3_SPIPN	75.51	98	24	0	455	162	512	609	2e-81	156
SeLEV6574_g00205	tr|A0A177WYT0|A0A177WYT0_BATDE	48.48	66	34	0	200	397	3	68	4e-13	72.8
SeLEV6574_g00204	tr|L8GXW6|L8GXW6_ACACA	38.46	117	34	1	427	777	44	122	7e-12	71.6
SeLEV6574_g00204	tr|L8GXW6|L8GXW6_ACACA	44.44	63	29	1	1	171	1	63	3e-05	53.5
SeLEV6574_g00207	tr|A0A1Y1Z5A5|A0A1Y1Z5A5_9FUNG	26.06	353	151	10	239	1294	267	510	1e-39	92.4
SeLEV6574_g00207	tr|A0A1Y1Z5A5|A0A1Y1Z5A5_9FUNG	68.52	54	16	1	4	165	214	266	1e-39	76.6
SeLEV6574_g00207	tr|A0A1Y1Z5A5|A0A1Y1Z5A5_9FUNG	47.73	44	23	0	1356	1487	510	553	1e-39	44.7
SeLEV6574_g00206	tr|A0A139AWI3|A0A139AWI3_GONPR	66.67	39	13	0	450	566	100	138	1e-34	65.9
SeLEV6574_g00206	tr|A0A139AWI3|A0A139AWI3_GONPR	96.00	25	1	0	875	949	163	187	1e-34	55.5
SeLEV6574_g00206	tr|A0A139AWI3|A0A139AWI3_GONPR	40.98	61	30	1	226	390	41	101	1e-34	55.1
SeLEV6574_g00206	tr|A0A139AWI3|A0A139AWI3_GONPR	40.82	49	5	1	631	777	139	163	1e-34	40.4
SeLEV6574_g00209	tr|A0A0L0H7Q5|A0A0L0H7Q5_SPIPN	30.53	285	140	11	265	1053	1	249	1e-21	112
SeLEV6574_g00209	tr|A0A0L0H7Q5|A0A0L0H7Q5_SPIPN	26.20	271	147	8	1719	2480	422	656	2e-09	73.2
SeLEV6574_g00208	tr|A0A0L0HQ16|A0A0L0HQ16_SPIPN	79.47	375	77	0	1208	84	109	483	0.0	643
SeLEV6574_g00208	tr|A0A0L0HQ16|A0A0L0HQ16_SPIPN	83.95	81	13	0	1561	1319	28	108	7e-33	143
SeLEV6574_g00182	tr|A0A075AQ16|A0A075AQ16_9FUNG	82.50	40	7	0	470	589	66	105	1e-28	75.1
SeLEV6574_g00182	tr|A0A075AQ16|A0A075AQ16_9FUNG	77.78	36	8	0	666	773	110	145	1e-28	63.2
SeLEV6574_g00182	tr|A0A075AQ16|A0A075AQ16_9FUNG	48.48	33	17	0	832	930	141	173	1e-28	37.7
SeLEV6574_g00182	tr|A0A075AQ16|A0A075AQ16_9FUNG	62.12	66	25	0	57	254	1	66	2e-17	89.4
SeLEV6574_g00183	tr|A0A0L0HQ87|A0A0L0HQ87_SPIPN	53.51	114	27	1	1136	1477	199	286	8e-89	122
SeLEV6574_g00183	tr|A0A0L0HQ87|A0A0L0HQ87_SPIPN	71.70	53	15	0	445	603	57	109	8e-89	86.3
SeLEV6574_g00183	tr|A0A0L0HQ87|A0A0L0HQ87_SPIPN	55.22	67	25	2	862	1056	132	195	8e-89	77.4
SeLEV6574_g00183	tr|A0A0L0HQ87|A0A0L0HQ87_SPIPN	60.38	53	19	1	179	337	7	57	8e-89	75.9
SeLEV6574_g00183	tr|A0A0L0HQ87|A0A0L0HQ87_SPIPN	73.33	30	8	0	719	808	107	136	8e-89	53.1
SeLEV6574_g00183	tr|A0A0L0HQ87|A0A0L0HQ87_SPIPN	52.63	19	9	0	1536	1592	285	303	8e-89	26.6
SeLEV6574_g00180	tr|A0A1Y2GFV3|A0A1Y2GFV3_9FUNG	43.80	2185	1040	29	2297	8743	502	2534	0.0	1548
SeLEV6574_g00180	tr|A0A1Y2GFV3|A0A1Y2GFV3_9FUNG	58.97	580	227	5	8821	10530	2533	3111	0.0	734
SeLEV6574_g00180	tr|A0A1Y2GFV3|A0A1Y2GFV3_9FUNG	51.62	277	109	3	1075	1905	181	432	4e-112	275
SeLEV6574_g00180	tr|A0A1Y2GFV3|A0A1Y2GFV3_9FUNG	58.24	91	38	0	716	988	75	165	4e-112	109
SeLEV6574_g00180	tr|A0A1Y2GFV3|A0A1Y2GFV3_9FUNG	35.63	87	36	1	393	653	8	74	4e-112	54.7
SeLEV6574_g00180	tr|A0A1Y2GFV3|A0A1Y2GFV3_9FUNG	37.18	78	38	2	1977	2210	435	501	4e-112	42.4
SeLEV6574_g00180	tr|A0A1Y2GFV3|A0A1Y2GFV3_9FUNG	44.40	277	104	3	11486	12316	3581	3807	4e-106	262
SeLEV6574_g00180	tr|A0A1Y2GFV3|A0A1Y2GFV3_9FUNG	56.60	106	45	1	12424	12741	3811	3915	4e-106	135
SeLEV6574_g00180	tr|A0A1Y2GFV3|A0A1Y2GFV3_9FUNG	51.52	33	16	0	12807	12905	3916	3948	4e-106	42.4
SeLEV6574_g00180	tr|A0A1Y2GFV3|A0A1Y2GFV3_9FUNG	34.90	149	56	2	11065	11457	3487	3612	7e-32	91.3
SeLEV6574_g00180	tr|A0A1Y2GFV3|A0A1Y2GFV3_9FUNG	54.93	71	30	1	10758	10970	3408	3476	7e-32	79.7
SeLEV6574_g00186	tr|A0A0L0H8S5|A0A0L0H8S5_SPIPN	46.30	162	61	4	376	843	213	354	5e-39	127
SeLEV6574_g00186	tr|A0A0L0H8S5|A0A0L0H8S5_SPIPN	47.62	63	31	1	102	290	147	207	5e-39	50.8
SeLEV6574_g00186	tr|A0A0L0H8S5|A0A0L0H8S5_SPIPN	86.67	15	2	0	1	45	133	147	5e-39	32.7
SeLEV6574_g00187	tr|A0A1Y3NS50|A0A1Y3NS50_PIRSE	66.25	80	22	1	529	290	106	180	1e-64	103
SeLEV6574_g00187	tr|A0A1Y3NS50|A0A1Y3NS50_PIRSE	63.24	68	25	0	210	7	180	247	1e-64	95.5
SeLEV6574_g00187	tr|A0A1Y3NS50|A0A1Y3NS50_PIRSE	59.62	52	21	0	881	726	27	78	1e-64	61.2
SeLEV6574_g00187	tr|A0A1Y3NS50|A0A1Y3NS50_PIRSE	63.33	30	11	0	669	580	78	107	1e-64	48.5
SeLEV6574_g00187	tr|A0A1Y3NS50|A0A1Y3NS50_PIRSE	72.22	18	5	0	1000	947	7	24	1e-64	30.8
SeLEV6574_g00184	tr|A0A2Z6QJ75|A0A2Z6QJ75_9GLOM	63.08	130	45	3	1129	1515	177	304	3e-114	166
SeLEV6574_g00184	tr|A0A2Z6QJ75|A0A2Z6QJ75_9GLOM	50.00	182	46	5	1578	2123	304	440	3e-114	145
SeLEV6574_g00184	tr|A0A2Z6QJ75|A0A2Z6QJ75_9GLOM	37.50	240	57	7	350	1069	33	179	3e-114	131
SeLEV6574_g00184	tr|A0A2Z6QJ75|A0A2Z6QJ75_9GLOM	58.06	31	13	0	2186	2278	441	471	3e-114	38.1
SeLEV6574_g00184	tr|A0A2Z6QJ75|A0A2Z6QJ75_9GLOM	38.30	47	16	2	2341	2481	473	506	3e-114	26.2
SeLEV6574_g00184	tr|A0A2Z6QJ75|A0A2Z6QJ75_9GLOM	73.81	42	11	0	1826	1951	364	405	4e-10	74.7
SeLEV6574_g00184	tr|A0A2Z6QJ75|A0A2Z6QJ75_9GLOM	64.29	42	11	1	585	698	63	104	2e-05	59.3
SeLEV6574_g00185	tr|A0A162TN38|A0A162TN38_MUCCL	46.32	95	26	1	345	61	65	134	8e-14	77.4
SeLEV6574_g00189	tr|A0A1Y1VT10|A0A1Y1VT10_9FUNG	51.20	209	75	1	1382	756	513	694	3e-138	197
SeLEV6574_g00189	tr|A0A1Y1VT10|A0A1Y1VT10_9FUNG	54.47	123	54	2	1828	1466	387	509	3e-138	142
SeLEV6574_g00189	tr|A0A1Y1VT10|A0A1Y1VT10_9FUNG	37.61	109	46	1	333	7	778	864	3e-138	85.9
SeLEV6574_g00189	tr|A0A1Y1VT10|A0A1Y1VT10_9FUNG	72.73	44	12	0	708	577	693	736	3e-138	71.2
SeLEV6574_g00189	tr|A0A1Y1VT10|A0A1Y1VT10_9FUNG	82.76	29	5	0	496	410	743	771	3e-138	56.6
SeLEV6574_g00189	tr|A0A1Y1VT10|A0A1Y1VT10_9FUNG	62.86	35	13	0	1991	1887	356	390	3e-138	56.2
SeLEV6574_g00189	tr|A0A1Y1VT10|A0A1Y1VT10_9FUNG	36.87	339	122	7	3477	2467	33	281	3e-38	166
SeLEV6574_g00168	tr|A0A1Y1Z668|A0A1Y1Z668_9FUNG	54.47	637	162	9	989	2899	195	703	0.0	663
SeLEV6574_g00168	tr|A0A1Y1Z668|A0A1Y1Z668_9FUNG	56.76	74	29	2	388	600	66	139	1e-26	77.4
SeLEV6574_g00168	tr|A0A1Y1Z668|A0A1Y1Z668_9FUNG	49.33	75	20	1	657	881	140	196	1e-26	74.3
SeLEV6574_g00169	tr|A0A0L0H7W2|A0A0L0H7W2_SPIPN	43.75	48	27	0	288	145	146	193	1e-06	45.1
SeLEV6574_g00169	tr|A0A0L0H7W2|A0A0L0H7W2_SPIPN	51.85	27	13	0	458	378	120	146	1e-06	36.6
SeLEV6574_g00166	tr|F4P5P7|F4P5P7_BATDJ	43.80	516	168	9	298	1839	53	448	1e-133	412
SeLEV6574_g00167	tr|A0A0A1NH46|A0A0A1NH46_9FUNG	68.54	89	28	0	2005	2271	410	498	2e-56	140
SeLEV6574_g00167	tr|A0A0A1NH46|A0A0A1NH46_9FUNG	37.93	174	56	4	1427	1948	292	413	2e-56	110
SeLEV6574_g00167	tr|A0A0A1NH46|A0A0A1NH46_9FUNG	54.12	85	32	1	490	723	75	159	7e-16	92.4
SeLEV6574_g00296	tr|A0A177WWD3|A0A177WWD3_BATDE	24.21	252	153	7	753	1481	102	324	5e-06	61.6
SeLEV6574_g00297	tr|W4ZES8|W4ZES8_STRPU	38.17	186	94	5	569	1126	304	468	8e-27	110
SeLEV6574_g00297	tr|W4ZES8|W4ZES8_STRPU	30.67	75	38	1	285	509	246	306	8e-27	40.0
SeLEV6574_g00297	tr|W4ZES8|W4ZES8_STRPU	33.87	186	102	5	569	1126	106	270	2e-22	93.6
SeLEV6574_g00297	tr|W4ZES8|W4ZES8_STRPU	32.47	77	38	1	279	509	13	75	2e-22	41.6
SeLEV6574_g00297	tr|W4ZES8|W4ZES8_STRPU	33.33	186	103	4	569	1126	601	765	6e-22	93.2
SeLEV6574_g00297	tr|W4ZES8|W4ZES8_STRPU	29.33	75	39	1	285	509	543	603	6e-22	40.8
SeLEV6574_g00297	tr|W4ZES8|W4ZES8_STRPU	33.33	186	103	4	569	1126	502	666	7e-22	94.0
SeLEV6574_g00297	tr|W4ZES8|W4ZES8_STRPU	30.67	75	38	1	285	509	444	504	7e-22	39.7
SeLEV6574_g00297	tr|W4ZES8|W4ZES8_STRPU	32.26	186	105	4	569	1126	205	369	2e-20	86.7
SeLEV6574_g00297	tr|W4ZES8|W4ZES8_STRPU	28.12	96	46	2	285	509	81	174	2e-20	42.0
SeLEV6574_g00297	tr|W4ZES8|W4ZES8_STRPU	32.09	187	104	5	569	1126	139	303	1e-19	85.5
SeLEV6574_g00297	tr|W4ZES8|W4ZES8_STRPU	34.29	70	32	2	300	509	53	108	1e-19	40.8
SeLEV6574_g00297	tr|W4ZES8|W4ZES8_STRPU	31.72	186	106	4	569	1126	700	864	4e-19	84.0
SeLEV6574_g00297	tr|W4ZES8|W4ZES8_STRPU	29.33	75	39	1	285	509	642	702	4e-19	40.4
SeLEV6574_g00297	tr|W4ZES8|W4ZES8_STRPU	33.14	172	95	3	611	1126	812	963	8e-17	76.6
SeLEV6574_g00297	tr|W4ZES8|W4ZES8_STRPU	30.99	71	35	1	285	497	741	797	8e-17	39.7
SeLEV6574_g00297	tr|W4ZES8|W4ZES8_STRPU	33.71	175	96	3	602	1126	413	567	1e-15	89.4
SeLEV6574_g00297	tr|W4ZES8|W4ZES8_STRPU	37.07	116	72	1	779	1126	24	138	4e-13	82.0
SeLEV6574_g00297	tr|W4ZES8|W4ZES8_STRPU	37.27	110	68	1	791	1120	61	169	3e-12	79.0
SeLEV6574_g00297	tr|W4ZES8|W4ZES8_STRPU	33.56	149	79	4	608	1054	844	972	3e-09	70.1
SeLEV6574_g00297	tr|W4ZES8|W4ZES8_STRPU	39.18	97	58	1	836	1126	10	105	3e-07	63.9
SeLEV6574_g00294	tr|A0A1Y1XJA3|A0A1Y1XJA3_9FUNG	40.62	128	55	1	1077	1460	168	274	1e-80	104
SeLEV6574_g00294	tr|A0A1Y1XJA3|A0A1Y1XJA3_9FUNG	64.29	56	20	0	2569	2736	494	549	1e-80	79.0
SeLEV6574_g00294	tr|A0A1Y1XJA3|A0A1Y1XJA3_9FUNG	55.91	93	22	1	2192	2470	406	479	1e-80	77.8
SeLEV6574_g00294	tr|A0A1Y1XJA3|A0A1Y1XJA3_9FUNG	39.02	82	28	2	1522	1767	275	334	1e-80	60.8
SeLEV6574_g00294	tr|A0A1Y1XJA3|A0A1Y1XJA3_9FUNG	78.57	28	6	0	2037	2120	380	407	1e-80	53.1
SeLEV6574_g00294	tr|A0A1Y1XJA3|A0A1Y1XJA3_9FUNG	54.05	37	17	0	1877	1987	350	386	1e-80	40.0
SeLEV6574_g00294	tr|A0A1Y1XJA3|A0A1Y1XJA3_9FUNG	45.12	82	21	1	444	689	75	132	3e-28	68.9
SeLEV6574_g00294	tr|A0A1Y1XJA3|A0A1Y1XJA3_9FUNG	61.11	36	11	1	781	879	133	168	3e-28	49.3
SeLEV6574_g00294	tr|A0A1Y1XJA3|A0A1Y1XJA3_9FUNG	64.00	25	9	0	307	381	51	75	3e-28	39.7
SeLEV6574_g00294	tr|A0A1Y1XJA3|A0A1Y1XJA3_9FUNG	56.25	32	14	0	140	235	19	50	3e-28	39.3
SeLEV6574_g00295	tr|A0A0L0HKC9|A0A0L0HKC9_SPIPN	63.05	249	69	3	1565	819	577	802	0.0	315
SeLEV6574_g00295	tr|A0A0L0HKC9|A0A0L0HKC9_SPIPN	39.42	274	141	4	2461	1643	326	575	0.0	190
SeLEV6574_g00295	tr|A0A0L0HKC9|A0A0L0HKC9_SPIPN	45.00	160	61	1	763	284	799	931	0.0	121
SeLEV6574_g00295	tr|A0A0L0HKC9|A0A0L0HKC9_SPIPN	35.00	240	128	10	3272	2583	85	306	0.0	89.4
SeLEV6574_g00295	tr|A0A0L0HKC9|A0A0L0HKC9_SPIPN	57.14	49	18	1	177	31	933	978	0.0	46.6
SeLEV6574_g00292	tr|A0A077WHJ5|A0A077WHJ5_9FUNG	46.51	43	23	0	492	620	48	90	3e-07	45.8
SeLEV6574_g00292	tr|A0A077WHJ5|A0A077WHJ5_9FUNG	46.43	28	15	0	353	436	22	49	3e-07	33.5
SeLEV6574_g00292	tr|A0A077WHJ5|A0A077WHJ5_9FUNG	58.82	17	7	0	223	273	3	19	3e-07	24.3
SeLEV6574_g00293	tr|A0A0L0H4M5|A0A0L0H4M5_SPIPN	48.00	125	26	1	505	131	49	134	4e-31	114
SeLEV6574_g00293	tr|A0A0L0H4M5|A0A0L0H4M5_SPIPN	36.99	73	23	2	818	603	1	51	4e-31	40.0
SeLEV6574_g00293	tr|A0A0L0H4M5|A0A0L0H4M5_SPIPN	68.42	19	6	0	63	7	135	153	4e-31	30.4
SeLEV6574_g00290	tr|A0A1Y1XF08|A0A1Y1XF08_9FUNG	66.67	36	12	0	113	220	19	54	2e-14	53.1
SeLEV6574_g00290	tr|A0A1Y1XF08|A0A1Y1XF08_9FUNG	60.53	38	14	1	288	401	55	91	2e-14	46.2
SeLEV6574_g00290	tr|A0A1Y1XF08|A0A1Y1XF08_9FUNG	75.00	16	4	0	4	51	6	21	2e-14	26.6
SeLEV6574_g00291	tr|A0A0L0HK01|A0A0L0HK01_SPIPN	68.67	83	26	0	252	4	130	212	9e-64	130
SeLEV6574_g00291	tr|A0A0L0HK01|A0A0L0HK01_SPIPN	43.48	115	22	1	844	500	16	87	9e-64	94.4
SeLEV6574_g00291	tr|A0A0L0HK01|A0A0L0HK01_SPIPN	63.64	44	16	0	434	303	90	133	9e-64	70.1
SeLEV6574_g00299	tr|A0A0G4IXP6|A0A0G4IXP6_PLABS	35.35	99	62	1	899	1189	286	384	6e-09	69.3
SeLEV6574_g00238	tr|A0A1Y2GSV6|A0A1Y2GSV6_9FUNG	46.99	83	41	1	1293	1532	70	152	1e-20	82.4
SeLEV6574_g00238	tr|A0A1Y2GSV6|A0A1Y2GSV6_9FUNG	44.64	56	21	3	1514	1681	168	213	1e-20	47.8
SeLEV6574_g00236	tr|A0A1U7LM36|A0A1U7LM36_9ASCO	45.03	533	177	7	227	1822	28	445	4e-127	366
SeLEV6574_g00236	tr|A0A1U7LM36|A0A1U7LM36_9ASCO	33.53	173	77	7	1890	2399	445	582	4e-127	79.3
SeLEV6574_g00236	tr|A0A1U7LM36|A0A1U7LM36_9ASCO	35.19	108	59	4	2437	2745	575	676	4e-127	63.2
SeLEV6574_g00274	tr|A0A0L0HVJ1|A0A0L0HVJ1_SPIPN	47.48	278	89	4	530	1360	96	317	7e-168	247
SeLEV6574_g00274	tr|A0A0L0HVJ1|A0A0L0HVJ1_SPIPN	45.19	208	69	3	1907	2530	436	598	7e-168	170
SeLEV6574_g00274	tr|A0A0L0HVJ1|A0A0L0HVJ1_SPIPN	55.86	145	41	1	1419	1853	317	438	7e-168	162
SeLEV6574_g00274	tr|A0A0L0HVJ1|A0A0L0HVJ1_SPIPN	42.34	111	41	1	87	419	4	91	7e-168	87.4
SeLEV6574_g00275	tr|A0A1Y1YRQ1|A0A1Y1YRQ1_9FUNG	48.15	162	60	2	2294	1809	243	380	5e-75	154
SeLEV6574_g00275	tr|A0A1Y1YRQ1|A0A1Y1YRQ1_9FUNG	38.76	129	50	4	1548	1168	425	526	5e-75	86.7
SeLEV6574_g00275	tr|A0A1Y1YRQ1|A0A1Y1YRQ1_9FUNG	48.78	41	21	0	1729	1607	390	430	5e-75	47.4
SeLEV6574_g00275	tr|A0A1Y1YRQ1|A0A1Y1YRQ1_9FUNG	40.00	55	32	1	892	731	571	625	5e-75	45.4
SeLEV6574_g00275	tr|A0A1Y1YRQ1|A0A1Y1YRQ1_9FUNG	37.04	54	31	1	1103	951	523	576	5e-75	42.4
SeLEV6574_g00270	tr|A0A077WD85|A0A077WD85_9FUNG	77.19	57	13	0	858	688	1	57	2e-23	105
SeLEV6574_g00270	tr|A0A077WD85|A0A077WD85_9FUNG	55.56	45	20	0	353	219	75	119	1e-05	49.3
SeLEV6574_g00270	tr|A0A077WD85|A0A077WD85_9FUNG	57.14	21	9	0	165	103	115	135	1e-05	29.6
SeLEV6574_g00271	tr|A0A1X7V9F6|A0A1X7V9F6_AMPQE	31.76	233	142	6	25	708	73	293	5e-20	97.1
SeLEV6574_g00272	tr|A0A0L0H424|A0A0L0H424_SPIPN	40.58	313	96	9	1751	2680	380	605	2e-59	167
SeLEV6574_g00272	tr|A0A0L0H424|A0A0L0H424_SPIPN	36.42	151	71	4	1252	1695	259	387	2e-59	93.6
SeLEV6574_g00272	tr|A0A0L0H424|A0A0L0H424_SPIPN	87.23	47	6	0	1902	2042	411	457	9e-16	93.2
SeLEV6574_g00273	tr|A0A0L7REV0|A0A0L7REV0_9HYME	46.19	197	77	4	1829	1269	29	206	1e-125	152
SeLEV6574_g00273	tr|A0A0L7REV0|A0A0L7REV0_9HYME	80.00	70	14	0	938	729	259	328	1e-125	123
SeLEV6574_g00273	tr|A0A0L7REV0|A0A0L7REV0_9HYME	53.16	79	37	0	246	10	415	493	1e-125	97.1
SeLEV6574_g00273	tr|A0A0L7REV0|A0A0L7REV0_9HYME	66.04	53	18	0	1171	1013	206	258	1e-125	81.6
SeLEV6574_g00273	tr|A0A0L7REV0|A0A0L7REV0_9HYME	80.56	36	7	0	425	318	380	415	1e-125	68.9
SeLEV6574_g00273	tr|A0A0L7REV0|A0A0L7REV0_9HYME	59.62	52	21	0	658	503	327	378	1e-125	43.5
SeLEV6574_g00278	tr|A0A0L0HVQ7|A0A0L0HVQ7_SPIPN	51.45	311	105	6	942	10	165	429	3e-97	307
SeLEV6574_g00279	tr|A0A0L0HB41|A0A0L0HB41_SPIPN	53.38	133	59	1	450	61	318	450	2e-46	147
SeLEV6574_g00279	tr|A0A0L0HB41|A0A0L0HB41_SPIPN	62.30	61	22	1	697	515	257	316	2e-46	67.4
SeLEV6574_g00252	tr|A0A0L0HKH8|A0A0L0HKH8_SPIPN	43.02	86	24	1	497	754	52	112	1e-18	76.3
SeLEV6574_g00252	tr|A0A0L0HKH8|A0A0L0HKH8_SPIPN	68.97	29	9	0	808	894	108	136	1e-18	45.1
SeLEV6574_g00252	tr|A0A0L0HKH8|A0A0L0HKH8_SPIPN	88.89	9	1	0	406	432	47	55	1e-18	22.3
SeLEV6574_g00253	tr|A0A177WLA4|A0A177WLA4_BATDE	69.91	113	33	1	2809	2474	2	114	6e-113	167
SeLEV6574_g00253	tr|A0A177WLA4|A0A177WLA4_BATDE	50.00	164	69	2	1311	859	374	537	6e-113	160
SeLEV6574_g00253	tr|A0A177WLA4|A0A177WLA4_BATDE	52.75	91	22	1	2418	2146	106	175	6e-113	99.0
SeLEV6574_g00253	tr|A0A177WLA4|A0A177WLA4_BATDE	30.33	244	101	9	2095	1418	172	364	6e-113	55.8
SeLEV6574_g00250	tr|A0A022PTV9|A0A022PTV9_ERYGU	25.22	230	134	9	819	133	139	331	1e-04	55.5
SeLEV6574_g00257	tr|S8CEL4|S8CEL4_9LAMI	30.27	185	112	7	609	91	22	201	2e-06	58.9
SeLEV6574_g00254	tr|A0A1Y1YMD1|A0A1Y1YMD1_9FUNG	36.44	376	134	12	2191	1079	239	514	4e-156	200
SeLEV6574_g00254	tr|A0A1Y1YMD1|A0A1Y1YMD1_9FUNG	42.03	207	72	4	2852	2232	87	245	4e-156	166
SeLEV6574_g00254	tr|A0A1Y1YMD1|A0A1Y1YMD1_9FUNG	40.30	201	67	5	1005	421	517	670	4e-156	132
SeLEV6574_g00254	tr|A0A1Y1YMD1|A0A1Y1YMD1_9FUNG	63.16	57	21	0	177	7	710	766	4e-156	85.5
SeLEV6574_g00254	tr|A0A1Y1YMD1|A0A1Y1YMD1_9FUNG	47.17	53	25	2	3105	2947	28	77	4e-156	52.8
SeLEV6574_g00254	tr|A0A1Y1YMD1|A0A1Y1YMD1_9FUNG	43.33	30	17	0	356	267	674	703	4e-156	33.1
SeLEV6574_g00254	tr|A0A1Y1YMD1|A0A1Y1YMD1_9FUNG	73.81	42	11	0	2010	1885	279	320	3e-08	69.7
SeLEV6574_g00262	tr|A0A1Y2BWV6|A0A1Y2BWV6_9FUNG	37.02	208	80	6	7	621	2	161	2e-25	112
SeLEV6574_g00289	tr|A0A1Y1YMU5|A0A1Y1YMU5_9FUNG	66.60	1003	309	2	11472	8479	1070	2051	0.0	1424
SeLEV6574_g00289	tr|A0A1Y1YMU5|A0A1Y1YMU5_9FUNG	66.81	928	300	5	5064	2302	3088	4014	0.0	1291
SeLEV6574_g00289	tr|A0A1Y1YMU5|A0A1Y1YMU5_9FUNG	79.35	460	95	0	6502	5123	2632	3091	0.0	806
SeLEV6574_g00289	tr|A0A1Y1YMU5|A0A1Y1YMU5_9FUNG	62.92	445	159	2	7877	6561	2198	2642	0.0	599
SeLEV6574_g00289	tr|A0A1Y1YMU5|A0A1Y1YMU5_9FUNG	58.70	431	151	5	13270	11978	548	951	0.0	501
SeLEV6574_g00289	tr|A0A1Y1YMU5|A0A1Y1YMU5_9FUNG	64.90	359	121	2	14399	13338	191	549	0.0	453
SeLEV6574_g00289	tr|A0A1Y1YMU5|A0A1Y1YMU5_9FUNG	72.08	154	36	2	8416	7955	2051	2197	0.0	221
SeLEV6574_g00289	tr|A0A1Y1YMU5|A0A1Y1YMU5_9FUNG	39.25	107	49	3	14770	14468	97	193	0.0	80.1
SeLEV6574_g00289	tr|A0A1Y1YMU5|A0A1Y1YMU5_9FUNG	38.81	67	41	0	11897	11697	973	1039	0.0	61.6
SeLEV6574_g00289	tr|A0A1Y1YMU5|A0A1Y1YMU5_9FUNG	45.71	35	18	1	11638	11537	1037	1071	0.0	35.0
SeLEV6574_g00289	tr|A0A1Y1YMU5|A0A1Y1YMU5_9FUNG	46.27	549	244	6	2207	582	4025	4529	7e-134	488
SeLEV6574_g00289	tr|A0A1Y1YMU5|A0A1Y1YMU5_9FUNG	46.15	104	54	1	628	323	4489	4592	1e-25	105
SeLEV6574_g00289	tr|A0A1Y1YMU5|A0A1Y1YMU5_9FUNG	35.05	97	49	3	267	7	4591	4683	1e-25	45.1
SeLEV6574_g00288	tr|A0A0L0HJ19|A0A0L0HJ19_SPIPN	44.76	143	75	1	3728	4144	946	1088	1e-30	116
SeLEV6574_g00288	tr|A0A0L0HJ19|A0A0L0HJ19_SPIPN	41.56	77	23	2	3439	3669	892	946	1e-30	48.9
SeLEV6574_g00288	tr|A0A0L0HJ19|A0A0L0HJ19_SPIPN	40.46	173	83	3	108	623	1	154	3e-27	113
SeLEV6574_g00288	tr|A0A0L0HJ19|A0A0L0HJ19_SPIPN	46.51	43	23	0	697	825	157	199	3e-27	39.3
SeLEV6574_g00288	tr|A0A0L0HJ19|A0A0L0HJ19_SPIPN	50.00	12	6	0	930	965	214	225	3e-27	21.2
SeLEV6574_g00288	tr|A0A0L0HJ19|A0A0L0HJ19_SPIPN	48.72	78	40	0	2393	2626	636	713	4e-20	78.2
SeLEV6574_g00288	tr|A0A0L0HJ19|A0A0L0HJ19_SPIPN	44.44	54	30	0	2721	2882	719	772	4e-20	52.0
SeLEV6574_g00288	tr|A0A0L0HJ19|A0A0L0HJ19_SPIPN	61.11	36	14	0	4324	4431	1100	1135	2e-07	50.1
SeLEV6574_g00288	tr|A0A0L0HJ19|A0A0L0HJ19_SPIPN	54.84	31	14	0	4164	4256	1068	1098	2e-07	37.0
SeLEV6574_g00281	tr|A0A1S8W943|A0A1S8W943_9FUNG	38.71	93	40	3	269	541	67	144	5e-11	55.1
SeLEV6574_g00281	tr|A0A1S8W943|A0A1S8W943_9FUNG	45.71	35	19	0	105	209	33	67	5e-11	37.0
SeLEV6574_g00281	tr|A0A1S8W943|A0A1S8W943_9FUNG	69.23	13	4	0	16	54	27	39	5e-11	22.3
SeLEV6574_g00280	tr|A0A0L0H9Y6|A0A0L0H9Y6_SPIPN	52.97	202	24	3	703	98	13	143	3e-57	192
SeLEV6574_g00282	tr|A0A0L0HJM0|A0A0L0HJM0_SPIPN	56.19	194	82	2	675	94	14	204	4e-64	212
SeLEV6574_g00285	tr|A0A0L0HJJ7|A0A0L0HJJ7_SPIPN	37.76	143	42	2	233	661	64	159	2e-39	90.1
SeLEV6574_g00285	tr|A0A0L0HJJ7|A0A0L0HJJ7_SPIPN	68.29	41	13	0	37	159	23	63	2e-39	67.8
SeLEV6574_g00285	tr|A0A0L0HJJ7|A0A0L0HJJ7_SPIPN	38.46	78	28	1	744	977	166	223	2e-39	55.5
SeLEV6574_g00284	tr|A0A0L0H841|A0A0L0H841_SPIPN	59.69	196	57	2	733	1320	136	309	3e-66	231
SeLEV6574_g00287	tr|A0A3B3HB13|A0A3B3HB13_ORYLA	32.65	98	59	1	475	182	2	92	8e-11	52.0
SeLEV6574_g00287	tr|A0A3B3HB13|A0A3B3HB13_ORYLA	54.29	35	16	0	114	10	93	127	8e-11	42.4
SeLEV6574_g00286	tr|A0A0L0HKR1|A0A0L0HKR1_SPIPN	43.18	88	49	1	3299	3559	702	789	4e-19	83.6
SeLEV6574_g00286	tr|A0A0L0HKR1|A0A0L0HKR1_SPIPN	26.23	122	64	3	2878	3240	607	703	4e-19	43.5
SeLEV6574_g00286	tr|A0A0L0HKR1|A0A0L0HKR1_SPIPN	26.25	259	88	7	928	1704	220	375	2e-09	74.3
SeLEV6574_g00286	tr|A0A0L0HKR1|A0A0L0HKR1_SPIPN	34.21	152	75	6	3705	4121	800	939	1e-06	65.1
SeLEV6574_g00267	tr|A0A2S5BAF8|A0A2S5BAF8_9BASI	48.94	141	34	1	2122	2544	517	619	6e-120	140
SeLEV6574_g00267	tr|A0A2S5BAF8|A0A2S5BAF8_9BASI	49.53	107	29	1	1277	1597	329	410	6e-120	109
SeLEV6574_g00267	tr|A0A2S5BAF8|A0A2S5BAF8_9BASI	51.90	79	35	1	688	915	214	292	6e-120	84.3
SeLEV6574_g00267	tr|A0A2S5BAF8|A0A2S5BAF8_9BASI	38.96	77	40	1	1841	2050	440	516	6e-120	76.6
SeLEV6574_g00267	tr|A0A2S5BAF8|A0A2S5BAF8_9BASI	87.50	32	4	0	1681	1776	411	442	6e-120	64.7
SeLEV6574_g00267	tr|A0A2S5BAF8|A0A2S5BAF8_9BASI	42.00	50	8	1	2633	2782	619	647	6e-120	38.5
SeLEV6574_g00267	tr|A0A2S5BAF8|A0A2S5BAF8_9BASI	46.67	30	16	0	531	620	185	214	6e-120	34.3
SeLEV6574_g00267	tr|A0A2S5BAF8|A0A2S5BAF8_9BASI	57.14	21	9	0	398	460	161	181	6e-120	31.2
SeLEV6574_g00267	tr|A0A2S5BAF8|A0A2S5BAF8_9BASI	71.43	14	4	0	1171	1212	316	329	6e-120	27.7
SeLEV6574_g00267	tr|A0A2S5BAF8|A0A2S5BAF8_9BASI	32.26	31	21	0	986	1078	284	314	6e-120	21.6
SeLEV6574_g00266	tr|A0A0C9MZ65|A0A0C9MZ65_9FUNG	77.19	57	13	0	170	340	75	131	2e-40	95.9
SeLEV6574_g00266	tr|A0A0C9MZ65|A0A0C9MZ65_9FUNG	62.14	103	37	2	403	708	124	225	2e-40	90.9
SeLEV6574_g00266	tr|A0A0C9MZ65|A0A0C9MZ65_9FUNG	60.00	20	8	0	1	60	43	62	2e-40	29.3
SeLEV6574_g00265	tr|A0A0L0HU19|A0A0L0HU19_SPIPN	55.32	47	21	0	389	249	12	58	8e-08	57.8
SeLEV6574_g00264	tr|A0A0L0H841|A0A0L0H841_SPIPN	65.25	141	48	1	189	611	131	270	6e-65	189
SeLEV6574_g00264	tr|A0A0L0H841|A0A0L0H841_SPIPN	45.45	66	11	1	697	894	273	313	6e-65	64.3
SeLEV6574_g00264	tr|A0A0L0H841|A0A0L0H841_SPIPN	53.85	39	18	0	1	117	95	133	6e-65	45.8
SeLEV6574_g00261	tr|A0A0L0HTD3|A0A0L0HTD3_SPIPN	43.61	509	206	9	2802	1297	200	634	4e-150	433
SeLEV6574_g00261	tr|A0A0L0HTD3|A0A0L0HTD3_SPIPN	55.21	96	43	0	3163	2876	107	202	4e-150	130
SeLEV6574_g00261	tr|A0A0L0HTD3|A0A0L0HTD3_SPIPN	43.95	248	71	3	954	211	683	862	3e-48	195
SeLEV6574_g00261	tr|A0A0L0HTD3|A0A0L0HTD3_SPIPN	68.42	19	5	1	1087	1034	665	683	3e-48	28.5
SeLEV6574_g00260	tr|A0A1Y2CJJ9|A0A1Y2CJJ9_9FUNG	42.59	108	36	3	1038	718	515	597	5e-37	75.9
SeLEV6574_g00260	tr|A0A1Y2CJJ9|A0A1Y2CJJ9_9FUNG	40.00	80	26	1	661	422	596	653	5e-37	70.5
SeLEV6574_g00260	tr|A0A1Y2CJJ9|A0A1Y2CJJ9_9FUNG	43.75	48	20	1	231	109	673	720	5e-37	47.8
SeLEV6574_g00260	tr|A0A1Y2CJJ9|A0A1Y2CJJ9_9FUNG	63.64	22	8	0	359	294	651	672	5e-37	32.7
SeLEV6574_g00260	tr|A0A1Y2CJJ9|A0A1Y2CJJ9_9FUNG	37.14	70	44	0	1756	1547	331	400	3e-04	56.6
SeLEV6574_g00268	tr|A0A0L0HT74|A0A0L0HT74_SPIPN	87.93	58	7	0	177	4	70	127	6e-32	109
SeLEV6574_g00268	tr|A0A0L0HT74|A0A0L0HT74_SPIPN	58.70	46	19	0	373	236	26	71	6e-32	55.8
SeLEV6574_g00249	tr|A0A177WHB2|A0A177WHB2_BATDE	64.00	75	27	0	940	716	128	202	9e-24	114
SeLEV6574_g00248	tr|A0A3B6MS24|A0A3B6MS24_WHEAT	54.04	161	48	3	1177	1653	201	337	8e-62	155
SeLEV6574_g00248	tr|A0A3B6MS24|A0A3B6MS24_WHEAT	58.82	34	14	0	727	828	115	148	8e-62	47.4
SeLEV6574_g00248	tr|A0A3B6MS24|A0A3B6MS24_WHEAT	60.71	28	11	0	563	646	83	110	8e-62	47.0
SeLEV6574_g00248	tr|A0A3B6MS24|A0A3B6MS24_WHEAT	38.03	71	24	1	909	1121	151	201	8e-62	46.2
SeLEV6574_g00248	tr|A0A3B6MS24|A0A3B6MS24_WHEAT	37.14	35	22	0	309	413	42	76	8e-62	29.6
SeLEV6574_g00248	tr|A0A3B6MS24|A0A3B6MS24_WHEAT	69.23	13	4	0	460	498	72	84	8e-62	27.3
SeLEV6574_g00245	tr|A0A177WDA4|A0A177WDA4_BATDE	31.71	164	62	4	522	46	373	491	6e-13	82.4
SeLEV6574_g00245	tr|A0A177WDA4|A0A177WDA4_BATDE	50.00	16	8	0	656	609	356	371	6e-13	22.3
SeLEV6574_g00244	tr|A0A0L0HSS3|A0A0L0HSS3_SPIPN	58.82	34	14	0	251	150	45	78	2e-09	42.0
SeLEV6574_g00244	tr|A0A0L0HSS3|A0A0L0HSS3_SPIPN	59.26	27	11	0	84	4	78	104	2e-09	38.9
SeLEV6574_g00244	tr|A0A0L0HSS3|A0A0L0HSS3_SPIPN	57.14	21	6	1	354	301	32	52	2e-09	28.1
SeLEV6574_g00247	tr|A0A177WFD8|A0A177WFD8_BATDE	66.18	68	20	1	501	704	3	67	2e-20	94.0
SeLEV6574_g00246	tr|A0A109FHI3|A0A109FHI3_9BASI	31.43	105	72	0	766	452	189	293	4e-04	53.9
SeLEV6574_g00241	tr|A0A1A6GPM4|A0A1A6GPM4_NEOLE	71.83	213	60	0	336	974	66	278	5e-117	342
SeLEV6574_g00241	tr|A0A1A6GPM4|A0A1A6GPM4_NEOLE	40.74	135	56	2	1082	1486	294	404	5e-117	98.6
SeLEV6574_g00241	tr|A0A1A6GPM4|A0A1A6GPM4_NEOLE	42.11	38	22	0	188	301	36	73	5e-117	33.5
SeLEV6574_g00240	tr|A0A0L0H6N8|A0A0L0H6N8_SPIPN	29.67	209	99	7	763	176	103	276	4e-22	78.2
SeLEV6574_g00240	tr|A0A0L0H6N8|A0A0L0H6N8_SPIPN	42.59	54	28	1	981	829	49	102	4e-22	56.2
SeLEV6574_g00243	tr|A0A139AUJ2|A0A139AUJ2_GONPR	55.56	180	62	1	3287	3826	789	950	0.0	204
SeLEV6574_g00243	tr|A0A139AUJ2|A0A139AUJ2_GONPR	65.05	103	15	1	2925	3233	709	790	0.0	114
SeLEV6574_g00243	tr|A0A139AUJ2|A0A139AUJ2_GONPR	86.67	60	8	0	1496	1675	363	422	0.0	102
SeLEV6574_g00243	tr|A0A139AUJ2|A0A139AUJ2_GONPR	56.04	91	31	1	2590	2862	627	708	0.0	98.6
SeLEV6574_g00243	tr|A0A139AUJ2|A0A139AUJ2_GONPR	38.64	132	76	2	2109	2501	496	623	0.0	95.9
SeLEV6574_g00243	tr|A0A139AUJ2|A0A139AUJ2_GONPR	44.86	107	27	2	894	1208	239	315	0.0	89.4
SeLEV6574_g00243	tr|A0A139AUJ2|A0A139AUJ2_GONPR	75.00	32	8	0	562	657	175	206	0.0	61.6
SeLEV6574_g00243	tr|A0A139AUJ2|A0A139AUJ2_GONPR	66.67	48	16	0	1270	1413	315	362	0.0	60.1
SeLEV6574_g00243	tr|A0A139AUJ2|A0A139AUJ2_GONPR	62.86	35	13	0	713	817	202	236	0.0	50.1
SeLEV6574_g00243	tr|A0A139AUJ2|A0A139AUJ2_GONPR	61.54	26	10	0	1970	2047	474	499	0.0	38.9
SeLEV6574_g00243	tr|A0A139AUJ2|A0A139AUJ2_GONPR	33.96	53	27	2	1717	1875	417	461	0.0	25.0
SeLEV6574_g00243	tr|A0A139AUJ2|A0A139AUJ2_GONPR	46.73	107	54	1	143	463	92	195	1e-09	75.1
SeLEV6574_g00330	tr|A0A0L0H9Y4|A0A0L0H9Y4_SPIPN	49.57	232	78	2	2106	2801	699	891	9e-171	224
SeLEV6574_g00330	tr|A0A0L0H9Y4|A0A0L0H9Y4_SPIPN	27.40	551	326	15	511	2055	186	698	9e-171	192
SeLEV6574_g00330	tr|A0A0L0H9Y4|A0A0L0H9Y4_SPIPN	55.46	119	53	0	2863	3219	893	1011	9e-171	164
SeLEV6574_g00330	tr|A0A0L0H9Y4|A0A0L0H9Y4_SPIPN	55.56	90	34	3	3305	3568	1010	1095	9e-171	95.1
SeLEV6574_g00333	tr|A0A397SUB6|A0A397SUB6_9GLOM	64.75	278	98	0	660	1493	29	306	8e-127	401
SeLEV6574_g00333	tr|A0A397SUB6|A0A397SUB6_9GLOM	76.22	143	34	0	1830	2258	360	502	9e-79	236
SeLEV6574_g00333	tr|A0A397SUB6|A0A397SUB6_9GLOM	78.72	47	10	0	1631	1771	312	358	9e-79	89.7
SeLEV6574_g00334	tr|A0A015LIY4|A0A015LIY4_9GLOM	41.82	55	32	0	499	335	15	69	2e-15	57.8
SeLEV6574_g00334	tr|A0A015LIY4|A0A015LIY4_9GLOM	34.85	66	43	0	228	31	80	145	2e-15	52.8
SeLEV6574_g00337	tr|C5NNZ0|C5NNZ0_ORYSI	51.14	88	41	2	773	1033	558	644	1e-14	86.3
SeLEV6574_g00337	tr|C5NNZ0|C5NNZ0_ORYSI	46.15	65	31	1	1	183	335	399	5e-07	62.8
SeLEV6574_g00336	tr|A0A0L0HDR2|A0A0L0HDR2_SPIPN	75.00	160	6	2	83	562	2	127	2e-71	227
SeLEV6574_g00339	tr|A0A0L0HIV2|A0A0L0HIV2_SPIPN	25.80	500	286	12	175	1623	161	592	3e-31	140
SeLEV6574_g00338	tr|A0A0L0H8L7|A0A0L0H8L7_SPIPN	44.76	143	54	4	915	493	150	269	2e-34	102
SeLEV6574_g00338	tr|A0A0L0H8L7|A0A0L0H8L7_SPIPN	44.09	93	31	2	1250	972	79	150	2e-34	73.2
SeLEV6574_g00357	tr|A0A0L0H6H9|A0A0L0H6H9_SPIPN	38.64	220	63	4	373	1032	35	182	4e-25	112
SeLEV6574_g00356	tr|A0A2J6QAN9|A0A2J6QAN9_9HELO	33.64	220	120	7	720	109	704	913	2e-24	97.4
SeLEV6574_g00356	tr|A0A2J6QAN9|A0A2J6QAN9_9HELO	26.35	167	106	5	1243	794	542	708	2e-24	47.8
SeLEV6574_g00355	tr|A0A0L0HVL7|A0A0L0HVL7_SPIPN	42.16	287	96	4	864	4	266	482	2e-87	169
SeLEV6574_g00355	tr|A0A0L0HVL7|A0A0L0HVL7_SPIPN	46.70	227	58	4	1607	927	98	261	2e-87	162
SeLEV6574_g00355	tr|A0A0L0HVL7|A0A0L0HVL7_SPIPN	47.37	38	20	0	1791	1678	60	97	2e-87	43.5
SeLEV6574_g00354	tr|A0A0L0HIT8|A0A0L0HIT8_SPIPN	36.52	512	226	12	1427	2950	336	752	2e-146	270
SeLEV6574_g00354	tr|A0A0L0HIT8|A0A0L0HIT8_SPIPN	50.00	190	75	1	739	1308	146	315	2e-146	210
SeLEV6574_g00354	tr|A0A0L0HIT8|A0A0L0HIT8_SPIPN	58.93	56	23	0	506	673	86	141	2e-146	75.1
SeLEV6574_g00354	tr|A0A0L0HIT8|A0A0L0HIT8_SPIPN	25.78	128	51	2	1	384	1	84	2e-146	38.1
SeLEV6574_g00353	tr|A0A1S8W6C6|A0A1S8W6C6_9FUNG	32.23	301	139	9	4038	4922	669	910	4e-78	120
SeLEV6574_g00353	tr|A0A1S8W6C6|A0A1S8W6C6_9FUNG	42.67	150	45	2	2909	3358	434	542	4e-78	119
SeLEV6574_g00353	tr|A0A1S8W6C6|A0A1S8W6C6_9FUNG	37.58	165	43	4	3430	3921	544	649	4e-78	87.4
SeLEV6574_g00353	tr|A0A1S8W6C6|A0A1S8W6C6_9FUNG	38.18	55	29	2	2668	2832	378	427	4e-78	39.3
SeLEV6574_g00353	tr|A0A1S8W6C6|A0A1S8W6C6_9FUNG	37.45	259	80	5	1634	2368	141	331	6e-48	160
SeLEV6574_g00353	tr|A0A1S8W6C6|A0A1S8W6C6_9FUNG	58.97	39	14	1	2394	2504	325	363	6e-48	51.6
SeLEV6574_g00353	tr|A0A1S8W6C6|A0A1S8W6C6_9FUNG	65.00	20	7	0	1527	1586	125	144	6e-48	33.1
SeLEV6574_g00352	tr|A0A139ABJ3|A0A139ABJ3_GONPR	63.82	152	35	2	1373	1825	196	328	4e-137	196
SeLEV6574_g00352	tr|A0A139ABJ3|A0A139ABJ3_GONPR	66.67	123	41	0	1872	2240	326	448	4e-137	174
SeLEV6574_g00352	tr|A0A139ABJ3|A0A139ABJ3_GONPR	42.94	170	54	3	789	1295	69	196	4e-137	147
SeLEV6574_g00352	tr|A0A139ABJ3|A0A139ABJ3_GONPR	65.62	32	10	1	637	729	38	69	4e-137	46.2
SeLEV6574_g00352	tr|A0A139ABJ3|A0A139ABJ3_GONPR	84.85	33	5	0	914	1012	92	124	5e-06	61.2
SeLEV6574_g00351	tr|A0A177W904|A0A177W904_BATDE	64.34	143	29	1	1078	650	126	246	1e-132	181
SeLEV6574_g00351	tr|A0A177W904|A0A177W904_BATDE	60.00	110	26	1	336	7	293	384	1e-132	140
SeLEV6574_g00351	tr|A0A177W904|A0A177W904_BATDE	76.92	39	9	0	1272	1156	87	125	1e-132	65.5
SeLEV6574_g00351	tr|A0A177W904|A0A177W904_BATDE	93.75	48	3	0	563	420	247	294	1e-132	63.5
SeLEV6574_g00351	tr|A0A177W904|A0A177W904_BATDE	90.32	31	3	0	1632	1540	26	56	1e-132	62.0
SeLEV6574_g00351	tr|A0A177W904|A0A177W904_BATDE	81.25	32	6	0	1441	1346	56	87	1e-132	55.5
SeLEV6574_g00351	tr|A0A177W904|A0A177W904_BATDE	94.74	19	1	0	1917	1861	1	19	1e-132	42.0
SeLEV6574_g00351	tr|A0A177W904|A0A177W904_BATDE	72.73	11	3	0	1774	1742	20	30	1e-132	20.8
SeLEV6574_g00350	tr|M7NWS3|M7NWS3_PNEMU	28.23	248	138	4	1249	518	327	538	8e-26	98.6
SeLEV6574_g00350	tr|M7NWS3|M7NWS3_PNEMU	48.48	33	16	1	1430	1332	291	322	8e-26	41.2
SeLEV6574_g00350	tr|M7NWS3|M7NWS3_PNEMU	34.09	44	25	3	453	328	541	582	8e-26	28.9
SeLEV6574_g00359	tr|A0A261Y8E6|A0A261Y8E6_9FUNG	46.36	110	55	2	517	837	57	165	1e-33	92.4
SeLEV6574_g00359	tr|A0A261Y8E6|A0A261Y8E6_9FUNG	34.17	199	89	5	1183	1779	227	383	1e-33	70.1
SeLEV6574_g00359	tr|A0A261Y8E6|A0A261Y8E6_9FUNG	35.59	59	32	3	932	1102	176	230	1e-33	32.7
SeLEV6574_g00358	tr|S9R2T3|S9R2T3_SCHOY	35.90	78	28	1	1409	1176	100	155	1e-19	54.7
SeLEV6574_g00358	tr|S9R2T3|S9R2T3_SCHOY	28.57	154	56	3	1123	662	152	251	1e-19	50.4
SeLEV6574_g00358	tr|S9R2T3|S9R2T3_SCHOY	52.94	34	16	0	1620	1519	67	100	1e-19	42.4
SeLEV6574_g00308	tr|A0A2S5BIY7|A0A2S5BIY7_9BASI	68.97	29	9	0	401	487	268	296	9e-05	46.6
SeLEV6574_g00308	tr|A0A2S5BIY7|A0A2S5BIY7_9BASI	58.82	17	7	0	268	318	249	265	9e-05	30.0
SeLEV6574_g00309	tr|A0A0L0HJG0|A0A0L0HJG0_SPIPN	40.50	279	125	8	13	789	31	288	1e-47	172
SeLEV6574_g00306	tr|A0A1B9IS13|A0A1B9IS13_9TREE	21.77	317	169	7	1312	2253	229	469	2e-13	65.1
SeLEV6574_g00306	tr|A0A1B9IS13|A0A1B9IS13_9TREE	36.07	61	17	1	1073	1255	190	228	2e-13	41.2
SeLEV6574_g00328	tr|A0A0L0HPV5|A0A0L0HPV5_SPIPN	50.13	375	136	4	1146	22	95	418	4e-120	372
SeLEV6574_g00329	tr|A0A0L0HC65|A0A0L0HC65_SPIPN	39.65	227	134	1	966	295	533	759	6e-144	186
SeLEV6574_g00329	tr|A0A0L0HC65|A0A0L0HC65_SPIPN	70.30	101	12	1	2905	2603	104	186	6e-144	142
SeLEV6574_g00329	tr|A0A0L0HC65|A0A0L0HC65_SPIPN	32.58	264	106	6	2015	1233	295	489	6e-144	114
SeLEV6574_g00329	tr|A0A0L0HC65|A0A0L0HC65_SPIPN	69.23	39	12	0	2537	2421	187	225	6e-144	64.7
SeLEV6574_g00329	tr|A0A0L0HC65|A0A0L0HC65_SPIPN	55.56	36	16	0	2173	2066	265	300	6e-144	56.6
SeLEV6574_g00329	tr|A0A0L0HC65|A0A0L0HC65_SPIPN	57.50	40	17	0	2358	2239	226	265	6e-144	53.9
SeLEV6574_g00329	tr|A0A0L0HC65|A0A0L0HC65_SPIPN	33.33	54	36	0	1180	1019	484	537	6e-144	31.6
SeLEV6574_g00329	tr|A0A0L0HC65|A0A0L0HC65_SPIPN	68.42	38	12	0	3214	3101	50	87	2e-10	58.5
SeLEV6574_g00329	tr|A0A0L0HC65|A0A0L0HC65_SPIPN	62.07	29	11	0	3027	2941	85	113	2e-10	38.5
SeLEV6574_g00329	tr|A0A0L0HC65|A0A0L0HC65_SPIPN	41.25	80	39	1	1737	1522	337	416	6e-10	75.1
